0.9666666666666667
0.96
0.96
0.96
0.96
0.9533333333333334
0.9533333333333334
0.9533333333333334
0.9533333333333334
0.9533333333333334
0.9466666666666667
0.9533333333333334
0.9466666666666667
0.9533333333333334
0.9466666666666667
0.9533333333333334
0.9466666666666667
0.9533333333333334
0.9466666666666667
0.9533333333333334
0.9466666666666667
0.9533333333333334
0.9466666666666667
0.9533333333333334
0.9466666666666667
0.9533333333333334
0.9466666666666667
0.9533333333333334
0.9466666666666667
0.9533333333333334
0.9466666666666667
0.9533333333333334
0.9466666666666667
0.9533333333333334
0.9466666666666667
0.9533333333333334
0.96
0.9533333333333334
0.96
0.9533333333333334
0.96
0.9533333333333334
0.9533333333333334
0.9533333333333334
0.9533333333333334
0.96
0.9533333333333334
0.96
0.9533333333333334
0.96
0.9533333333333334
0.96
0.9533333333333334
0.9666666666666667
0.9533333333333334
0.9666666666666667
0.9533333333333334
0.9666666666666667
0.9533333333333334
0.9666666666666667
0.9466666666666667
0.9733333333333334
0.9466666666666667
0.94
0.8933333333333333
0.9
0.8933333333333333
0.9133333333333333
0.94
0.9733333333333334
0.9533333333333334
0.96
0.9533333333333334
0.96
0.9533333333333334
0.96
0.9533333333333334
0.9666666666666667
0.9533333333333334
0.9666666666666667
0.9533333333333334
0.9666666666666667
0.9533333333333334
0.9666666666666667
0.9533333333333334
0.9733333333333334
0.9466666666666667
0.96
0.9133333333333333
0.9133333333333333
0.8666666666666667
0.88
0.9066666666666666
0.94
0.9533333333333334
0.9666666666666667
0.9533333333333334
0.96
0.9533333333333334
0.96