0.7323586310047828
0.7272276062241153
0.7206774012015488
0.7131885802136252
0.7051011323631345
0.6966545125161104
0.6880166975290669
0.6793050448943382
0.6706011589030906
0.6619614340243661
0.6534245074276837
0.6450165148133173
0.6367547915792541
0.6286504769410521
0.62071034551915
0.6129380956952407
0.6053352563477272
0.5979018256581884
0.5906367218639115
0.5835381020187279
0.5766035880829327
0.5698304279069927
0.5632156104258085
0.5567559485975735
0.5504481395691948
0.5442888087121216
0.5382745421853941
0.5324019112920231
0.5266674909218179
0.5210678736932022
0.5155996809306589
0.5102595712817
0.5050442475446331
0.49995046211572025
0.49497502135051624
0.49011478905446765
0.4853666892619299
0.48072770842341267
0.47619489709305474
0.47176537118855494