0.41477187420082395
0.1409055748127231
0.11228450808160943
0.1062067938888046
0.10430128749650998
0.10350895053477123
0.10310422006448405
0.10285070136528407
0.10266143717618796
0.10250303369657864
0.10236221127643466
0.10223338666005674
0.10211397357399428
0.10200258482312652
0.10189833654301227
0.101800574627572
0.10170876435235471
0.1016224438048704
0.10154120266596721
0.10146467132342109
0.10139251438405006
0.1013244262016341
0.1012601274387985
0.10119936224012807
0.10114189582066682
0.10108751236852904
0.10103601320159473
0.1009872151376537
0.10094094904753183
0.10089705856682561
0.10085539894600953
0.10081583602177747
0.10077824529494034
0.10074251110222666
0.10070852587103175
0.10067618944760078
0.10064540849035888
0.10061609592115282
0.1005881704280732
0.10056155601430439
0.10053618158812204
0.10051198058974102
0.10048889065122048
0.10046685328607383
0.1004458136056134
0.10042572005939371
0.1004065241974111
0.1003881804519725
0.10037064593737262
0.10035388026571665
0.10033784537740054
0.10032250538491541
0.10030782642877893
0.10029377654451839
0.10028032553973638
0.10026744488038714
0.10025510758547486
0.10024328812946307
0.1002319623517501
0.10022110737262749
0.10021070151519211
0.10020072423273091
0.10019115604114144
0.10018197845599079
0.1001731739338498
0.10016472581757271
0.10015661828522004
0.1001488363023489
0.10014136557741826
0.10013419252007877
0.10012730420213421
0.10012068832098107
0.10011433316534765
0.10010822758316806
0.10010236095144151
0.10009672314793629
0.10009130452461219
0.10008609588264193
0.10008108844892365
0.100076273853983
0.10007164411117303
0.1000671915970844
0.1000629090330876
0.10005878946793254
0.1000548262613378
0.1000510130685057
0.10004734382550418
0.10004381273546183
0.10004041425552375
0.10003714308452237
0.10003399415131828
0.10003096260377078
0.10002804379829955
0.10002523329000226
0.10002252682329447
0.10001992032304152
0.10001740988615278
0.10001499177361167
0.1000126624029163
0.10001041834090657
0.10000825629695638
0.10000617311650957
0.10000416577494042
0.10000223137172097
0.10000036712487728
0.09999857036571948
0.09999683853383019
0.09999516917229703
0.09999355992317657
0.09999200852317675
0.09999051279954636
0.0999890706661604
0.09998768011979135
0.0999863392365559
0.09998504616852885
0.09998379914051471
0.09998259644696944
0.09998143644906443
0.09998031757188523
0.0999792383017588
0.09997819718370206
0.09997719281898645
0.09997622386281202
0.0999752890220859
0.09997438705330043
0.09997351676050506
0.0999726769933686
0.09997186664532665
0.0999710846518102
0.09997032998855193
0.09996960166996616
0.09996889874759875
0.0999682203086441
0.09996756547452608
0.09996693339953922
0.09996632326954825
0.09996573430074271
0.09996516573844423
0.09996461685596424
0.0999640869535093
0.0999635753571326
0.09996308141772899
0.09996260451007166
0.09996214403188886
0.09996169940297857
0.09996127006435963
0.09996085547745749
0.09996045512332342
0.09996006850188524
0.09995969513122875
0.09995933454690764
0.09995898630128199
0.09995864996288253
0.09995832511580101
0.09995801135910444
0.09995770830627294
0.09995741558465963
0.09995713283497225
0.0999568597107748
0.09995659587800909
0.09995634101453495
0.09995609480968849
0.09995585696385736
0.09995562718807292
0.09995540520361788
0.09995519074164932
0.09995498354283618
0.09995478335701076
0.09995458994283361
0.09995440306747114
0.09995422250628568
0.09995404804253731
0.09995387946709718
0.0999537165781712
0.09995355918103495
0.09995340708777797
0.0999532601170581
0.09995311809386463
0.09995298084929083
0.09995284822031474
0.09995272004958802
0.09995259618523297
0.0999524764806469
0.09995236079431383
0.09995224898962321
0.0999521409346952
0.09995203650221265
0.09995193556925902
0.09995183801716238
0.0999517437313452
0.09995165260117939
0.09995156451984706
0.09995147938420601
0.09995139709466011
0.0999513175550349
0.09995124067245693
0.09995116635723811
0.09995109452276402
0.09995102508538616
0.09995095796431831
0.09995089308153646
0.09995083036168236
0.09995076973197063
0.09995071112209904
0.09995065446416226
0.09995059969256834
0.09995054674395856
0.09995049555712983
0.09995044607296
0.09995039823433588
0.09995035198608362
0.09995030727490183
0.09995026404929663
0.09995022225951977
0.09995018185750797
0.0999501427968252
0.09995010503260653
0.09995006852150419
0.09995003322163541
0.09994999909253217
0.09994996609509262
0.09994993419153433
0.09994990334534896
0.09994987352125888
0.09994984468517487
0.09994981680415573
0.09994978984636878
0.09994976378105241
0.09994973857847922
0.09994971420992096
0.0999496906476146
0.09994966786472913
0.09994964583533429
0.0999496245343697
0.09994960393761534
0.09994958402166314
0.09994956476388933
0.09994954614242786
0.09994952813614479
0.0999495107246135
0.09994949388809066
0.09994947760749323
0.09994946186437607
0.09994944664091042
0.09994943191986305
0.0999494176845762
0.0999494039189482
0.09994939060741465
0.09994937773493036
0.09994936528695181
0.09994935324942036
0.09994934160874583
0.09994933035179082
0.09994931946585546
0.09994930893866269
0.09994929875834414
0.09994928891342622
0.09994927939281717
0.09994927018579396
0.09994926128199011
0.09994925267138369
0.09994924434428576
0.09994923629132918
0.09994922850345796
0.09994922097191676
0.09994921368824086
0.09994920664424636
0.09994919983202102
0.09994919324391485
0.0999491868725317
0.09994918071072051
0.09994917475156727
0.09994916898838706
0.09994916341471653
0.09994915802430626
0.09994915281111394
0.09994914776929711
0.09994914289320693
0.09994913817738137
0.09994913361653908
0.09994912920557358
0.09994912493954716
0.09994912081368545
0.09994911682337193
0.09994911296414263
0.09994910923168117
0.09994910562181376
0.09994910213050456
0.09994909875385098
0.09994909548807937
0.0999490923295407
0.0999490892747063
0.09994908632016414
0.0999490834626147
0.09994908069886742
0.09994907802583688
0.09994907544053964
0.09994907294009046
0.09994907052169943
0.09994906818266854
0.09994906592038878
0.09994906373233707
0.09994906161607363
0.09994905956923894
0.09994905758955133
0.09994905567480429
0.09994905382286401
0.09994905203166683
0.09994905029921732
0.09994904862358552
0.09994904700290515
0.09994904543537131
0.09994904391923859
0.09994904245281895
0.09994904103447994
0.0999490396626429
0.09994903833578096
0.09994903705241764
0.09994903581112494
0.0999490346105219
0.0999490334492729
0.09994903232608633
0.099949031239713
0.09994903018894478
0.09994902917261338
0.09994902818958874
0.09994902723877808
0.09994902631912449
0.09994902542960579
0.09994902456923342
0.0999490237370513
0.09994902293213473
0.0999490221535894
0.09994902140055045
0.09994902067218135
0.09994901996767307
0.09994901928624313
0.0999490186271348
0.0999490179896162
0.0999490173729794
0.0999490167765398
0.09994901619963525
0.09994901564162535
0.09994901510189066
0.09994901457983214
0.09994901407487045
0.09994901358644513
0.09994901311401423
0.09994901265705357
0.0999490122150561
0.09994901178753147
0.09994901137400544
0.09994901097401925
0.09994901058712925
0.09994901021290635
0.09994900985093545
0.09994900950081519
0.09994900916215728
0.0999490088345862
0.09994900851773877
0.09994900821126365
0.0999490079148211
0.09994900762808251
0.09994900735072991
0.09994900708245599
0.09994900682296333
0.09994900657196433
0.0999490063291808
0.09994900609434365
0.09994900586719271
0.09994900564747625
0.09994900543495076
0.09994900522938077
0.09994900503053859
0.09994900483820382
0.09994900465216344
0.09994900447221132
0.09994900429814813
0.09994900412978107
0.09994900396692366
0.09994900380939543
0.099949003657022
0.09994900350963458
0.09994900336706992
0.09994900322917016
0.0999490030957826
0.09994900296675951
0.09994900284195803
0.09994900272123998
0.09994900260447168
0.09994900249152383
0.09994900238227142
0.0999490022765935
0.09994900217437301
0.09994900207549685
0.09994900197985557
0.09994900188734325
0.0999490017978575
0.09994900171129929
0.09994900162757278