0.5625766981644753
0.31277049506863186
0.2129284434583507
0.1875504065068962
0.17848537727550526
0.16876043687091913
0.15684899175233533
0.14487694495460252
0.13474370713286984
0.1272675842517954
0.12235451162868058
0.11941295645658444
0.11772676906314772
0.1166919561552445
0.11591173471741473
0.11518801189095679
0.11446129244487244
0.11374278270562481
0.1130635183671939
0.11244711438270784
0.11190154656339325
0.11142170982964984
0.11099563252533816
0.11061009387929588
0.11025402459337914
0.10991972287747412
0.10960261604484649
0.10930036740309045
0.10901190694961571
0.10873668536794986
0.10847423150895982
0.10822396714573387
0.10798518641246972
0.10775711161373859
0.1075389638263636
0.10733001638528256
0.10712962201281709
0.10693721736997933
0.10675231367717208
0.10657448177374883