0.7333333333333333
0.7333333333333333
0.7333333333333333
0.7333333333333333
0.74
0.74
0.74
0.74
0.74
0.74
0.74
0.7466666666666667
0.7533333333333333
0.7533333333333333
0.7533333333333333
0.7533333333333333
0.7533333333333333
0.76
0.76
0.7666666666666667
0.7666666666666667
0.7666666666666667
0.7666666666666667
0.7733333333333333
0.7733333333333333
0.7733333333333333
0.7733333333333333
0.7733333333333333
0.7733333333333333
0.7733333333333333
0.78
0.78
0.78
0.7866666666666666
0.7866666666666666
0.7866666666666666
0.7866666666666666
0.7866666666666666
0.8
0.8
0.8
0.8066666666666666
0.8066666666666666
0.8133333333333334
0.8133333333333334
0.8266666666666667
0.8266666666666667
0.8266666666666667
0.8333333333333334
0.8333333333333334
0.8333333333333334
0.8333333333333334
0.8333333333333334
0.8333333333333334
0.8333333333333334
0.8466666666666667
0.8466666666666667
0.8466666666666667
0.8466666666666667
0.8466666666666667
0.8466666666666667
0.8466666666666667
0.8466666666666667
0.8466666666666667
0.8466666666666667
0.8466666666666667
0.8466666666666667
0.8466666666666667
0.86
0.8666666666666667
0.8666666666666667
0.8666666666666667
0.8666666666666667
0.8666666666666667
0.8666666666666667
0.8666666666666667
0.8666666666666667
0.8733333333333333
0.88
0.88
0.88
0.88
0.88
0.88
0.88
0.88
0.88
0.88
0.8866666666666667
0.8866666666666667
0.8866666666666667
0.8866666666666667
0.88
0.88
0.88
0.88
0.88
0.88
0.88
0.88