0.541794763238914
0.5402127039071224
0.5386407940585184
0.5370789584138124
0.5355271221485941
0.5339852108943477
0.532453150739359
0.5309308682295232
0.5294182903690533
0.5279153446210886
0.5264219589082071
0.5249380616128441
0.5234635815776161
0.5219984481055538
0.5205425909602467
0.5190959403658968
0.5176584270072897
0.5162299820296785
0.5148105370385855
0.5134000240995247
0.5119983757376422
0.5106055249372817
0.5092214051414735
0.507845950251348
0.5064790946254797
0.5051207730791578
0.5037709208835904
0.5024294737650407
0.501096367903896
0.4997715399336767
0.49845492693997984
0.4971464664593641
0.49584609647817496
0.49455375543131397
0.4932693822009513
0.49199291611518525
0.4907242969466488
0.48946346491106596
0.4882103606657588
0.4869649253081057
0.48572710037395633
0.4844968278359982
0.48327405010208296
0.48205871001350953
0.4808507508432676
0.4796501162942417
0.4784567504973785
0.477270598009817
0.47609160381298504
0.474919713310662
0.47375487232700875
0.4725970271045676
0.47144612430223287
0.470302110993192
0.4691649346628407
0.4680345432066716
0.4669108849281385
0.4657939085364968
0.4646835631446221
0.46357979826680634
0.4624825638165351
0.4613918101042445
0.46030748783506126
0.45922954810652444
0.45815794240629165
0.45709262260983075
0.45603354097809645
0.45498065015519407
0.45393390316603116
0.4528932534139577
0.45185865467839564
0.4508300611124588
0.4498074272405643
0.4487907079560355
0.44777985851869784
0.4467748345524685
0.44577559204294026
0.4447820873349601
0.44379427713020386
0.4428121184847478
0.4418355688066358
0.4408645858534467
0.4398991277298575
0.43893915288520763
0.4379846201110622
0.4370354885387749
0.4360917176370523
0.4351532672095205
0.4342200973922915
0.43329216865153364
0.4323694417810451
0.43145187789982964
0.4305394384496773
0.42963208519274915
0.42872978020916663
0.4278324858946068
0.426940164957902
0.4260527804186475
0.42517029560481356
0.42429267415036587