1.523041593560621
1.51106744395003
1.4957189079088644
1.4780802165128448
1.458916558760818
1.438767291471149
1.4180123970365015
1.3969196082681763
1.375677700590723
1.354419951356156
1.3332406401920471
1.312206639261322
1.2913655464606792
1.2707513882965642
1.250388616123079
1.2302949049139238
1.2104831123610889
1.1909626494943488
1.1717404390648956
1.1528215852948902
1.134209841650595
1.1159079373832113
1.0979178054120462
1.08024074138792
1.0628775148476246
1.045828447113413
1.0290934662059519
1.0126721459646284
0.9965637344129717
0.980767174894108
0.9652811224389003
0.950103957082756
0.9352337953215325
0.9206685005263492
0.9064056928751606
0.8924427591732695
0.8787768628029408
0.8654049539480635
0.8523237801724303
0.8395298973818498
0.827019681165714
0.8147893384889424
0.8028349196878732
0.7911523307117672
0.7797373455438475
0.7685856187312703
0.7576926979514252
0.7470540365419819
0.7366650059237375
0.7265209078482571
0.7166169864062736
0.7069484397376001
0.6975104313887032
0.6882981012699264
0.6793065761704633
0.670530979795439
0.661966442295723
0.6536081092672719
0.6454511502027785
0.6374907663841152
0.6297221982094361
0.6221407319537876
0.6147417059666457
0.6075205163139111
0.6004726218755523
0.593593548913269
0.5868788951252882
0.580324333207675
0.5739256139434088
0.5676785688419195
0.5615791123528571
0.5556232436786038
0.549807048210453
0.5441266986135244
0.5385784555853671
0.5331586683128978
0.5278637746517918
0.5226903010518017
0.5176348622506817
0.5126941607584998
0.5078649861531622
0.503144214206932
0.4985288058626697
0.4940158060774229
0.48960234254990204
0.4852856243472777
0.4810629404456603
0.4769316581975619
0.47288922173861603
0.46893315034483724
0.46506103675075433
0.4612705454378424
0.45755941090181773
0.4539254359065462
0.45036648973154875
0.4468805064193696
0.4434654830284039
0.44011947789615347
0.4368406089173048
0.4336270518404854
0.43047703858706277
0.4273888555948964
0.4243608421895402
0.42139138898501055
0.41847893631589533
0.41562197270226
0.4128190333485295
0.4100686986772657
0.40736959289853153
0.4047203826153261
0.4021197754653946
0.3995665187995486
0.3970593983964912
0.3945972372140138
0.3921788941763154
0.38980326299710427
0.3874692710380504
0.3851758782020888
0.38292207586101
0.38070688581672096
0.378529359295517
0.37638857597466935
0.3742836430406015
0.37221369427790946
0.37017788918845884
0.3681754121397837
0.366205471542002
0.3642672990524593
0.3623601488073124
0.36048329667926726
0.35863603956069
0.35681769467131813
0.35502759888980784
0.3532651081083656
0.35152959660972416
0.34982045646573534
0.3481370969568702
0.3464789440119288
0.3448454396672812
0.3432360415449756
0.34165022234906867
0.34008746937954715
0.33854728406323303
0.33702918150107375
0.33553269003124564
0.334057350807508
0.33260271739226804
0.3311683553638318
0.32975384193733237
0.328358765598845
0.3269827257522137
0.3256253323781306
0.32428620570502387
0.32296497589132717
0.3216612827187165
0.3203747752959159
0.31910511177268697
0.3178519590636319
0.31661499258145165
0.315393895979315
0.3141883609020063
0.3129980867455305
0.3118227804248696
0.31066215614959125
0.3095159352070243
0.3083838457527269
0.3072656226079799
0.30616100706405236
0.3050697466929926
0.30399159516470814
0.30292631207010745
0.30187366275008387
0.300833418130132
0.29980535456039237
0.29878925366093034
0.297784902172061
0.29679209180953914
0.2958106191244406
0.29484028536756846
0.2938808963582214
0.29293226235717074
0.2919941979436972
0.2910665218965422
0.2901490570786382
0.2892416303254827
0.28834407233703047
0.2874562175729788
0.28657790415132905
0.2857089737501098
0.2848492715121514
0.2839986459528079
0.2831569488705224
0.2823240352601407
0.28149976322887665
0.28068399391483906
0.2798765914080346
0.2790774226737597
0.2782863574783023
0.2775032683168755
0.27672803034370674