0.8832725212677713
0.8793949309049371
0.8755367877666695
0.8716981061471109
0.8678788989958497
0.8640791779048785
0.8602989530960932
0.8565382334093515
0.8527970262911035
0.8490753377836017
0.8453731725147072
0.8416905336882985
0.8380274230752969
0.8343838410053183
0.8307597863589545
0.8271552565607037
0.8235702475725459
0.8200047538881822
0.8164587685279349
0.8129322830343211
0.8094252874683027
0.8059377704062165
0.8024697189373932
0.7990211186624597
0.7955919536923388
0.7921822066479379
0.7887918586605355
0.7854208893728596
0.7820692769408635
0.778736998036196
0.7754240278493607
0.7721303400935676
0.7688559070092721
0.7656006993693939
0.7623646864852169
0.7591478362129618
0.7559501149610236
0.7527714876978736
0.7496119179606102
0.7464713678641588
0.7433497981111046
0.7402471680021575
0.7371634354472288
0.7340985569771208
0.7310524877558067
0.7280251815933008
0.7250165909590954
0.7220266669961615
0.7190553595354932
0.7161026171111861
0.7131683869760344
0.710252615117631
0.7073552462749578
0.7044762239554497
0.7016154904525146
0.6987729868634985
0.6959486531080741
0.6931424279470384
0.6903542490015038
0.6875840527724618
0.684831774660707
0.6820973489870987
0.679380709013147
0.6766817869619013
0.6740005140391276
0.6713368204547545
0.668690635444567
0.6660618872921376
0.663450503350968
0.6608564100668312
0.6582795330002887
0.6557197968493722
0.6531771254724055
0.6506514419109547
0.648142668412884
0.6456507264555045
0.6431755367687944
0.640717019358678
0.6382750935303443
0.6358496779115874
0.6334406904761568
0.6310480485670974
0.6286716689200664
0.6263114676866106
0.6239673604573884
0.6216392622853238
0.619327087708677
0.6170307507740165
0.6147501650590819
0.6124852436955224
0.6102358993914967
0.6080020444541256
0.6057835908117833
0.6035804500362142
0.601392533364467
0.5992197517206341
0.5970620157373852
0.5949192357772859
0.5927913219538922
0.5906781841526111
0.5885797320513186
0.5864958751407288
0.5844265227445016
0.5823715840390884
0.5803309680733032
0.5783045837876146
0.5762923400331532
0.574294145590428
0.5723099091877463
0.5703395395193326
0.568382945263143
0.5664400350983674
0.5645107177226208
0.5625949018688173
0.5606924963217222
0.5588034099341846
0.556927551643044
0.5550648304847097
0.5532151556104131
0.5513784363011301
0.5495545819821727
0.5477435022374503
0.5459451068233984
0.5441593056825769
0.5423860089569371
0.5406251270007569
0.5388765703932474
0.5371402499508291
0.5354160767390812
0.5337039620843649
0.5320038175851214
0.5303155551228472
0.5286390868727499
0.5269743253140845
0.5253211832401753
0.5236795737681237
0.5220494103482061
0.5204306067729652
0.518823077185997
0.5172267360904361
0.5156414983571457
0.5140672792326121
0.5125039943465494
0.510951559719219
0.5094098917684657
0.5078789073164754
0.5063585235962579
0.5048486582578613
0.5033492293743176
0.5018601554473289
0.5003813554126944
0.49891274864548435
0.4974542549649666
0.49600579463928707
0.4945672883899114
0.49313865739583057
0.4917198232975363
0.49031070820077005
0.4889112346800492
0.4875213257819773
0.48614090502834134
0.48476989641900015
0.48340822443456966
0.4820558140389096
0.48071259068141503
0.47937848029911684
0.4780534093185992
0.4767373046577332
0.47543009372723516
0.4741317044320523
0.4728420651725799
0.4715611048457152
0.47028875284575183
0.46902493906511894
0.46776959389496847
0.4665226482256167
0.4652840334468426
0.46405368144804643
0.4628315246182746
0.46161749584611367
0.46041152851945577
0.45921355652514273
0.4580235142484899
0.4568413365726941
0.4556669588781291
0.4545003170415342
0.4533413474350958
0.4521899869254287
0.4510461728724594
0.44990984312821364
0.44878093603551333
0.4476593904265856
0.44654514562158504
0.44543814142703625
0.4443383181341954
0.4432456165173377
0.4421599778319703
0.4410813438129757
0.440009656672688
0.43894485909890396
0.4378868942528326
0.43683570576698516
0.4357912377430082
0.43475343474946254
0.4337222418195507
0.4326976044487941
0.4316794685926637
0.43066778066416533
0.42966248753138325
0.4286635365149814
0.42767087538566834
0.42668445236162456
0.4257042161058955
0.4247301157237522
0.4237621007600219
0.42280012119638916
0.4218441274486708
0.42089407036406473
0.41994990121837644
0.4190115717132223
0.4180790339732141
0.4171522405431235
0.41623114438502995
0.4153156988754531
0.41440585780246997
0.4135015753628201
0.41260280615899864
0.41170950519633887
0.410821627880086
0.4099391300124631
0.4090619677897301
0.40819009779923665
0.4073234770164719
0.40646206280210984
0.40560581289905173
0.4047546854294684
0.4039086388918414
0.4030676321580044
0.40223162447018623
0.4014005754380559
0.4005744450357712
0.39975319359903017
0.3989367818221277
0.39812517075501797
0.39731832180038157
0.39651619671070043
0.3957187575853401
0.394925966867639
0.39413778734200755
0.39335418213103573
0.39257511469261047
0.3918005488170431
0.3910304486242085
0.3902647785606942
0.38950350339696216
0.3887465882245224
0.3879939984531191
0.3872456998079301
0.38650165832677924
0.3857618403573629
0.3850262125544906
0.38429474187733964
0.3835673955867251
0.3828441412423845
0.38212494670027747
0.3814097801099022
0.3806986099116261
0.3799914048340341
0.37928813389129223
0.37858876638052813
0.377893271879228
0.377201620242651
0.3765137816012603
0.37582972635817113
0.3751494251866169
0.3744728490274321
0.37379996908655333
0.37313075683253777
0.3724651839941
0.37180322255766596
0.3711448447649454
0.3704900231105228
0.3698387303394658
0.36919093944495196
0.36854662366591423
0.36790575648470447
0.3672683116247751
0.36663426304837926
0.36600358495429014
0.365376251775537
0.3647522381771612
0.36413151905399005
0.3635140695284291
0.3628998649482722
0.3622888808845315
0.3616810931292839
0.36107647769353723
0.3604750108051143
0.35987666890655445
0.3592814286530349
0.35868926691030845
0.35810016075266055
0.3575140874608842
0.35693102452027203
0.35635094961862734
0.35577384064429274
0.3551996756841955
0.35462843302191277
0.3540600911357517
0.3534946286968499
0.3529320245672911
0.35237225779823955
0.351815307628091
0.35126115348064124
0.3507097749632718
0.35016115186515245
0.34961526415546046
0.34907209198161715
0.3485316156675408
0.34799381571191645
0.34745867278648185
0.34692616773432994
0.34639628156822805
0.3458689954689527
0.34534429078364076
0.3448221490241565
0.3443025518654746
0.34378548114407886
0.3432709188563769
0.34275884715712895
0.3422492483578947
0.34174210492549245
0.3412373994804757
0.34073511479562363
0.3402352337944468
0.33973773954970793
0.3392426152819571
0.3387498443580817
0.3382594102898704
0.33777129673259226
0.3372854874835896
0.336801966480885
0.3363207178018022
0.33584172566160125
0.33536497441212715
0.334890448540472
0.33441813266765114
0.33394801154729215
0.3334800700643377
0.333014293233761
0.33255066619929474
0.33208917423217266
0.3316298027298841
0.33117253721494166
0.3307173633336602
0.3302642668549499
0.3298132336691206
0.3293642497866984
0.3289173013372555
0.3284723745682501
0.3280294558438804
0.32758853164394836
0.3271495885627371
0.3267126133078979
0.32627759269935025
0.32584451366819217
0.3254133632556224
0.32498412861187376
0.3245567969951565
0.324131355770614
0.3237077924092884
0.32328609448709683
0.32286624968381894
0.32244824578209413
0.3220320706664297
0.3216177123222188
0.32120515883476913
0.3207943983883413
0.320385419265197
0.3199782098446575
0.31957275860217194
0.31916905410839447
0.3187670850282718
0.31836684012014027
0.3179683082348314
0.3175714783147877
0.31717633939318696
0.31678288059307613
0.31639109112651387
0.3160009602937222
0.3156124774822465
0.3152256321661252
0.31484041390506673
0.3144568123436365
0.31407481721045094
0.31369441831738093
0.3133156055587629
0.31293836891061827
0.31256269842988144
0.31218858425363466