0.7348670571603507
0.48043124045743374
0.3682974345985875
0.3125373809178641
0.2790885496619929
0.2563832673875847
0.23970827236910927
0.22679671370251475
0.2164172186130629
0.2078381064144043
0.20059404068956738
0.19437300895641177
0.18895680990025218
0.1841875405828483
0.17994765963253712
0.17614757288810387
0.1727175999569721
0.16960260227574658
0.16675828786157185
0.16414860611940332
0.1617438710991309
0.159519383505785
0.15745440162375157
0.1555313610665139
0.15373527506136533
0.1520532677751462
0.15047420707419637
0.14898841256152043
0.14758742127593116
0.14626379803830292
0.1450109807121799
0.1438231530189054
0.14269513928420183
0.14162231677881598
0.14060054227770213
0.1396260901889183
0.13869560015751128
0.13780603247579434
0.13695462996178961
0.1361388852256672
0.13535651244703745
0.13460542294675037
0.13388370396501625
0.1331896001604263
0.13252149742732103
0.13187790869613694
0.1312574614361123
0.13065888662456554
0.130081008983841
0.12952273831749556
0.1289830618025892
0.12846103711601303
0.12795578629041407
0.12746649021006856
0.1269923836695216
0.126532750928347
0.1260869217043164
0.1256542675548706
0.1252341986032727
0.12482616057137469
0.12442963208569505
0.12404412222760454
0.1236691683019559
0.12330433380155295
0.12294920654750803
0.1226033969878436
0.12226653663870096
0.121938276654274
0.1216182865131205
0.12130625280984655
0.12100187814234353
0.12070488008579511
0.12041499024558984
0.120131953382084
0.11985552660087753
0.1195854786028991
0.11932158898916356
0.11906364761556447
0.11881145399351264
0.11856481673263033
0.11832355302206744
0.11808748814732402
0.11785645503975109
0.11763029385615596
0.11740885158617062
0.11719198168524854
0.11697954373134138
0.11677140310347688
0.11656743068061017
0.1163675025592599
0.11617149978856324
0.11597930812149874
0.11579081778112704
0.11560592324079338
0.11542452301732009
0.11524651947629433
0.11507181864862684
0.11490033005762094
0.11473196655585048
0.11456664417119716
0.11440428196144878
0.1142448018769026
0.11408812863046046
0.11393418957473901
0.11378291458575363
0.11363423595276546
0.11348808827391153
0.11334440835726291
0.11320313512698255
0.11306420953427546
0.11292757447284625
0.11279317469859758
0.1126609567533219
0.1125308688921537
0.11240286101456756
0.11227688459871833
0.11215289263893574
0.11203083958619578
0.11191068129140395
0.11179237495133516
0.11167587905708506
0.11156115334489668
0.11144815874923472
0.11133685735798755
0.11122721236968398
0.11111918805261979
0.11101274970579371
0.11090786362156003
0.11080449704990898
0.1107026181642931
0.11060219602892057
0.11050320056744253
0.11040560253296465
0.11030937347931805
0.11021448573352731
0.11012091236941766
0.11002862718230627
0.10993760466472556
0.10984781998312936
0.10975924895553567
0.10967186803006185
0.1095856542643107
0.10950058530556815
0.10941663937177488
0.10933379523323723
0.10925203219504302
0.10917133008015124
0.10909166921312514
0.1090130304044801
0.10893539493561935
0.10885874454433149
0.10878306141082557
0.10870832814428033
0.1086345277698856
0.10856164371635464
0.10848965980388765
0.10841856023256725
0.10834832957116794
0.10827895274636215
0.10821041503230656
0.10814270204059317
0.10807579971054983
0.10800969429987646
0.10794437237560306
0.10787982080535663
0.10781602674892524
0.10775297765010626
0.10769066122882877
0.10762906547353884
0.10756817863383715
0.10750798921336
0.10744848596289326
0.10738965787371144
0.1073314941711323
0.10727398430827975
0.10721711796004628
0.1071608850172482
0.1071052755809662
0.10705027995706431
0.10699588865088078
0.10694209236208442
0.1068888819796909
0.10683624857723231
0.10678418340807547
0.10673267790088262
0.10668172365521048
0.106631312437242
0.10658143617564612
0.10653208695756175
0.10648325702470082
0.10643493876956672
0.10638712473178409
0.10633980759453589
0.10629298018110454
0.10624663545151301
0.10620076649926305
0.10615536654816674
0.10611042894926868
0.10606594717785575
0.10602191483055103
0.10597832562248974
0.1059351733845743
0.10589245206080555
0.10585015570568836
0.10580827848170846
0.10576681465687884
0.10572575860235295
0.10568510479010307
0.1056448477906614
0.10560498227092192
0.10556550299200146
0.10552640480715765
0.10548768265976227
0.1054493315813282
0.10541134668958838
0.10537372318662497
0.10533645635704751
0.10529954156621817
0.10526297425852314
0.10522674995568838
0.10519086425513852
0.10515531282839755
0.10512009141953042
0.1050851958436238
0.1050506219853051
0.10501636579729877
0.10498242329901836
0.1049487905751941
0.10491546377453373
0.10488243910841687
0.10484971284962129
0.10481728133108009
0.10478514094466956
0.10475328814002578
0.10472171942339047
0.10469043135648395
0.10465942055540554
0.10462868368955983
0.10459821748060857
0.10456801870144743
0.1045380841752066
0.10450841077427502
0.10447899541934721
0.10444983507849263
0.10442092676624605
0.10439226754271928
0.10436385451273329
0.10433568482497008
0.1043077556711438
0.104280064285191
0.10425260794247894
0.10422538395903165
0.10419838969077372
0.10417162253279061
0.10414507991860575
0.10411875931947336
0.1040926582436872
0.10406677423590432
0.1040411048764838
0.1040156477808398
0.10399040059880875
0.10396536101403026
0.10394052674334146
0.10391589553618429
0.10389146517402549
0.10386723346978918
0.10384319826730114
0.1038193574407453
0.1037957088941314
0.10377225056077401
0.10374898040278253
0.10372589641056158
0.10370299660232214
0.10368027902360269
0.10365774174680008
0.10363538287071036
0.10361320052007894
0.10359119284515977
0.10356935802128386
0.10354769424843616
0.10352619975084135
0.10350487277655786
0.10348371159707993
0.10346271450694795
0.10344187982336613
0.10342120588582833
0.10340069105575078
0.10338033371611248
0.10336013227110237
0.10334008514577366
0.10332019078570476
0.103300447656667
0.10328085424429848
0.10326140905378474
0.10324211060954507
0.1032229574549252
0.10320394815189583
0.10318508128075678
0.10316635543984691
0.10314776924525954
0.10312932133056316
0.10311101034652759
0.10309283496085503
0.10307479385791653
0.10305688573849284
0.10303910931952072
0.10302146333384345
0.10300394652996626
0.10298655767181605
0.1029692955385058
0.10295215892410298
0.10293514663740255
0.10291825750170372
0.1029014903545911
0.10288484404771958
0.10286831744660319
0.10285190943040776
0.10283561889174733
0.10281944473648405
0.10280338588353191
0.10278744126466367
0.10277160982432146
0.10275589051943049
0.10274028231921634
0.1027247842050251
0.10270939517014697
0.10269411421964288
0.10267894037017383
0.10266387264983368
0.10264891009798441
0.10263405176509453
0.10261929671257998
0.1026046440126481
0.1025900927481439
0.10257564201239923
0.10256129090908446
0.10254703855206246
0.10253288406524547
0.10251882658245387
0.10250486524727787
0.10249099921294094
0.1024772276421661
0.10246354970704387
0.10244996458890299
0.10243647147818277
0.10242306957430793
0.10240975808556518
0.10239653622898222
0.10238340323020825
0.10237035832339685
0.10235740075109057
0.10234452976410731
0.10233174462142883
0.10231904459009072
0.10230642894507448
0.10229389696920092
0.10228144795302586
0.10226908119473678
0.10225679600005175
0.10224459168211956
0.10223246756142171
0.10222042296567559
0.10220845722973974
0.10219656969552
0.1021847597118775
0.10217302663453802
0.10216136982600268
0.1021497886554602
0.10213828249870029
0.10212685073802846
0.10211549276218232
0.10210420796624889
0.10209299575158348
0.10208185552572942
0.10207078670233945
0.10205978870109798
0.10204886094764479
0.10203800287349955
0.10202721391598793
0.10201649351816831
0.1020058411287601
0.10199525620207278
0.10198473819793613
0.1019742865816315
0.10196390082382407
0.10195358040049624
0.10194332479288175
0.10193313348740109
0.10192300597559756
0.10191294175407453
0.10190294032443353
0.10189300119321298
0.10188312387182842
0.10187330787651296
0.10186355272825895
0.10185385795276056
0.10184422308035689
0.1018346476459761
0.10182513118908045
0.10181567325361178