1.2245153852084742
0.4598213140997292
0.18710639285096303
0.1517628601202435
0.15368327095187403
0.16075244018225765
0.16610423526183823
0.16811050942961156
0.1668973487910848
0.16324237373595435
0.15810071494875833
0.1523737835559496
0.1467862791581996
0.14182397767425078
0.13772450711666392
0.13451841757020827
0.13210263678890805
0.13031728927513447
0.1290029611402068
0.12803139684380105
0.12731482093184798
0.1268026154348395
0.12647214486063474
0.12631755400074485
nan
nan
nan
nan
nan
nan
nan
nan
nan
nan
nan
nan
nan
nan
nan
nan
nan
nan
nan
nan
nan
nan
nan
nan
nan
nan
nan
nan
nan
nan
nan
nan
nan
nan
nan
nan
nan
nan
nan
nan
0.12390361616511279
0.12367267825140038
0.12344240083498557
0.1232136059829783
0.12298685745627974
0.12276248391494615
0.12254061381325594
0.1223212167708609
0.12210414678063534
0.12188918344924979
0.12167606845222277
0.12146453541322125
0.12125433239176721
0.12104523700742514
0.1208370648887896
0.12062967258449085
0.12042295630818851
0.12021684792924314
0.12001130950150883
0.1198063273912212
0.11960190677190563
0.11939806694769092
0.1191948376866984
0.11899225652229249
0.11879036682808651
0.118589216396379
0.11838885624219811
0.1181893394016844
0.11799071957507976
0.11779304956093409
0.11759637952083045
0.11740075518830217
0.11720621618209981
0.11701279459846713
0.11682051404068884
0.11662938920220879
0.11643942606037667
0.11625062267110667
0.11606297049018492
0.11587645609312182
0.11569106312856728
0.11550677432387933
0.1153235733660121
0.11514144650436209
0.11496038376035589
0.1147803796757776
0.11460143358201573
0.11442354941971104
0.11424673517783357
0.11407100204954501
0.11389636341752409
0.11372283378362463
0.11355042774815303
0.11337915912518019
0.1132090402553178
0.11304008154971461
0.11287229127190307
0.11270567554028359
0.11254023851545328
0.11237598272440423
0.11221290946811513
0.112051019259771
0.11189031224672075
0.11173078857887987
0.1115724486980229
0.1114152935347077
0.11125932461107858
0.11110454405743928
0.1109509545575976
0.1107985592422585
0.11064736155124152
0.11049736508436492
0.11034857345802025
0.11020099018040734
0.11005461855378232
0.10990946160749675
0.10976552206156873
0.10962280231736013
0.10948130446981917
0.10934103033470477
0.1092019814841325
0.109064159284476
0.10892756493187634
0.10879219948209269
0.10865806387293613
0.10852515893887447
0.10839348541844564
0.10826304395581389
0.10813383509813534
0.108005859290415
0.10787911686931433
0.1077536080569969
0.1076293329556728
0.1075062915431013
0.10738448366899064
0.10726390905202787
0.10714456727718837
0.10702645779299592
0.10690957990850929
0.10679393278995189
0.10667951545705535
0.10656632677931008
0.10645436547239469
0.10634363009507677
0.10623411904684155
0.1061258305664232
0.10601876273130566
0.10591291345814038
0.10580828050392248
0.10570486146768623
0.10560265379243866
0.10550165476704548
0.1054018615278207
0.10530327105963407
0.1052058801964351
0.10510968562118031
0.10501468386523144
0.104920871307359
0.10482824417252465
0.10473679853063254
0.10464653029542836
0.10455743522369425
0.10446950891484276
0.10438274681095987
0.10429714419729637
0.1042126962031639
0.10412939780315751
0.10404724381861133
0.10396622891918852
0.10388634762451714
0.10380759430580166
0.10372996318736499
0.10365344834810164
0.10357804372284705
0.10350374310368685
0.10343054014124377
0.10335842834598484
0.10328740108959072
0.10321745160642451
0.10314857299512623
0.10308075822034894
0.10301400011464265
0.10294829138048078
0.10288362459241918
0.10281999219937338
0.10275738652699783
0.10269579978015334
0.10263522404545065
0.10257565129386273
0.10251707338340092
0.10245948206185351
0.10240286896958775
0.10234722564241705
0.10229254351453498
0.10223881392151742
0.10218602810339264
0.10213417720777841
0.10208325229308278
0.10203324433176597
0.10198414421365878
0.10193594274933374
0.10188863067352558
0.10184219864859702
0.10179663726804841
0.10175193706006727
0.10170808849111723
0.10166508196956382
0.10162290784933442
0.10158155643361085
0.10154101797855106
0.10150128269703637
0.10146234076244087
0.10142418231241833
0.10138679745270243
0.10135017626091637
0.10131430879038683
0.10127918507395933
0.10124479512781044
0.10121112895525379
0.101178176550537
0.10114592790262547
0.10111437299897123
0.10108350182926258
0.10105330438915208
0.10102377068395958
0.1009948907323463
0.10096665456995692
0.10093905225302559
0.10091207386194308
0.10088570950478008
0.10085994932076459
0.10083478348370903
0.10081020220538445
0.1007861957388385
0.10076275438165445
0.10073986847914858
0.10071752842750303
0.10069572467683219
0.10067444773417958
0.10065368816644368
0.10063343660322976
0.10061368373962601
0.10059442033890201
0.10057563723512723
0.10055732533570826
0.10053947562384263
0.10052207916088822
0.10050512708864634
0.10048861063155784
0.10047252109881054
0.10045684988635781
0.10044158847884667
0.10042672845145559
0.10041226147164084
0.10039817930079128
0.10038447379579138
0.10037113691049239
0.1003581606970911
0.10034553730741758
0.10033325899413051
0.10032131811182213
0.10030970711803212
0.10029841857417178
0.10028744514635879
0.100276779606164
0.10026641483127063
0.10025634380604728
0.10024655962203609
0.10023705547835694
0.10022782468202947
0.10021886064821404
0.10021015690037349
0.10020170707035705
0.10019350489840835
0.10018554423309899
0.10017781903118997
0.10017032335742238
0.10016305138423962
0.10015599739144301
0.1001491557657829
0.10014252100048725
0.10013608769473005
0.10012985055304134
0.10012380438466137
0.10011794410284067
0.10011226472408877
0.10010676136737322
0.1001014292532714
0.10009626370307746
0.1000912601378662
0.10008641407751653
0.10008172113969627
0.10007717703881096
0.10007277758491837
0.10006851868261109
0.10006439632986934
0.10006040661688594
0.10005654572486551
0.10005280992480023
0.10004919557622353
0.10004569912594441
0.10004231710676344
0.1000390461361733
0.10003588291504478
0.10003282422630055
0.10002986693357817
0.10002700797988413
0.10002424438624073
0.10002157325032696
0.10001899174511522
0.1000164971175053
0.10001408668695703
0.1000117578441229
0.10000950804948215
0.10000733483197738
0.10000523578765505
0.1000032085783109
0.10000125093014164
0.09999936063240357
0.09999753553607962
0.09999577355255522
0.09999407265230445
0.0999924308635868
0.09999084627115583
0.0999893170149801
0.0999878412889772
0.09998641733976164
0.09998504346540711
0.09998371801422369
0.09998243938355035
0.09998120601856386
0.09998001641110359
0.09997886909851339
0.09997776266250062
0.0999766957280125
0.09997566696213053
0.0999746750729824
0.09997371880867283
0.09997279695623229
0.09997190834058443
0.09997105182353246
0.09997022630276384
0.09996943071087448
0.09996866401441111
0.09996792521293332
0.09996721333809397
0.0999665274527386
0.099965866650024
0.09996523005255512
0.09996461681154098
0.09996402610596897
0.09996345714179765
0.09996290915116797
0.0999623813916325
0.09996187314540267
0.09996138371861397
0.09996091244060852
0.09996045866323543
0.09996002176016774
0.09995960112623721
0.09995919617678493
0.09995880634702922
0.09995843109144927
0.09995806988318504
0.0999577222134529
0.0999573875909767
0.0999570655414341
0.09995675560691784
0.09995645734541189
0.09995617033028159
0.09995589414977846
0.09995562840655839
0.09995537271721382
0.09995512671181887
0.09995489003348794
0.09995466233794643