0.17333333333333334
0.17333333333333334
0.17333333333333334
0.17333333333333334
0.18
0.18666666666666668
0.18666666666666668
0.18666666666666668
0.18666666666666668
0.19333333333333333
0.2
0.2
0.21333333333333335
0.22666666666666666
0.22666666666666666
0.23333333333333334
0.24
0.24666666666666667
0.25333333333333335
0.26666666666666666
0.2733333333333333
0.28
0.28
0.2866666666666667
0.29333333333333333
0.30666666666666664
0.30666666666666664
0.32
0.34
0.3466666666666667
0.35333333333333333
0.36
0.36666666666666664
0.38
0.4
0.4066666666666667
0.41333333333333333
0.41333333333333333
0.4266666666666667
0.43333333333333335
0.46
0.47333333333333333
0.47333333333333333
0.48
0.48
0.4866666666666667
0.4866666666666667
0.4866666666666667
0.4866666666666667
0.4866666666666667
0.4866666666666667
0.4866666666666667
0.4866666666666667
0.4866666666666667
0.4866666666666667
0.5
0.52
0.5466666666666666
0.56
0.5666666666666667
0.5666666666666667
0.58
0.5866666666666667
0.6133333333333333
0.6333333333333333
0.66
0.6866666666666666
0.7066666666666667
0.7266666666666667
0.7266666666666667
0.7466666666666667
0.7733333333333333
0.78
0.8
0.8066666666666666
0.8066666666666666
0.82
0.82
0.82
0.8266666666666667
0.8333333333333334
0.84
0.84
0.84
0.8733333333333333
0.8733333333333333
0.8866666666666667
0.8933333333333333
0.9
0.9
0.9066666666666666
0.9066666666666666
0.9133333333333333
0.9133333333333333
0.92
0.92
0.92
0.92
0.92
0.92
0.92
0.9266666666666666
0.9266666666666666
0.9266666666666666
0.9266666666666666
0.9266666666666666
0.9333333333333333
0.9333333333333333
0.9333333333333333
0.94
0.94
0.94
0.94
0.9466666666666667
0.9533333333333334
0.96
0.96
0.96
0.96
0.96
0.96
0.96
0.96
0.96
0.96
0.96
0.96
0.96
0.96
0.96
0.96
0.96
0.9666666666666667
0.9666666666666667
0.9666666666666667
0.9666666666666667
0.9666666666666667
0.9666666666666667
0.9666666666666667
0.9666666666666667
0.9666666666666667
0.9666666666666667
0.9666666666666667
0.9666666666666667
0.9666666666666667
0.9666666666666667
0.9666666666666667
0.9666666666666667
0.9666666666666667
0.9666666666666667
0.9666666666666667
0.9666666666666667
0.96
0.96
0.96
0.96
0.96
0.96
0.96
0.96
0.96
0.96
0.96
0.96
0.96
0.96
0.96
0.96
0.96
0.96
0.96
0.96
0.96
0.96
0.96
0.96
0.96
0.96
0.96
0.96
0.96
0.96
0.96
0.96
0.96
0.96
0.96
0.96
0.96
0.96
0.96
0.96
0.96
0.96
0.96
0.96
0.96
0.96
0.96
0.96