0.6904439311452367
0.687761039598161
0.6850983507011745
0.6824557096251077
0.6798329619541683
0.6772299537102427
0.6746465313764994
0.6720825419202989
0.6695378328154147
0.6670122520635695
0.6645056482152939
0.6620178703901094
0.6595487682960476
0.6570981922485071
0.6546659931884576
0.6522520226999985
0.6498561330272791
0.6474781770907869
0.6451180085030171
0.6427754815835244
0.6404504513733715
0.6381427736489831
0.6358523049354099
0.6335789025190162
0.6313224244596003
0.6290827296019543
0.6268596775868764
0.6246531288616439
0.6224629446899561
0.6202889871613594
0.6181311192001636
0.6159892045738578
0.6138631079010388
0.6117526946588624
0.6096578311900237
0.6075783847092822
0.6055142233095384
0.6034652159674727
0.601431232548758
0.5994121438128542
0.5974078214173982
0.5954181379221942
0.5934429667928197
0.5914821824038543
0.58953566004174
0.5876032759072872
0.5856849071178312
0.5837804317090519
0.5818897286364645
0.5800126777765928
0.5781491599278312
0.5762990568110077
0.5744622510696541
0.5726386262699961
0.5708280669006662
0.5690304583721563
0.5672456870160083
0.5654736400837622
0.5637142057456604
0.5619672730891219
0.5602327321169925
0.5585104737455803
0.5568003898024799
0.5551023730241998
0.5534163170535938
0.5517421164371079
0.550079666621846
0.5484288639524679
0.546789605667917
0.5451617898979938
0.5435453156597747
0.5419400828538865
0.540345992260641
0.538762945536036
0.5371908452076306
0.5356295946702956
0.534079098181852
0.5325392608585958
0.5310099886707194
0.5294911884376324
0.5279827678231889
0.5264846353308235
0.5249967002986025
0.5235188728941972
0.5220510641097778
0.5205931857568394
0.5191451504609601
0.5177068716564944
0.5162782635812118
0.5148592412708772
0.5134497205537832
0.5120496180452335
0.5106588511419834
0.5092773380166411
0.5079049976120313
0.5065417496355263
0.5051875145533471
0.5038422135848359
0.5025057686967079
0.5011781025972784
0.49985913873067284
0.498548801271023
0.4972470151166475
0.49595370588422233
0.49466879990294504
0.49339222420869044
0.4921239065381654
0.4908637753230601
0.48961175968420095
0.48836778942570713
0.4871317950291494
0.485903707647718
0.4846834591003974
0.4834709818661509
0.4822662090781185
0.48106907451782605
0.47987951260941036
0.47869745841386
0.4775228476232747
0.4763556165551419
0.475195702146636
0.4740430419489362
0.4728975741215694
0.47175923742677556
0.47062797122389816
0.46950371546380015
0.4683864106833075
0.467275997999679
0.46617241910510615
0.4650756162612412
0.46398553229375594
0.4629021105869306
0.46182529507827574
0.4607550302531849
0.45969126113962056
0.45863393330283364
0.45758299284011694
0.45653838637559263
0.4555000610550358
0.4544679645407314
0.45344204500636914
0.45242225113197304
0.451408532098868
0.4504008375846838
0.4493991177583952
0.4484033232753998
0.44741340527263457
0.4464293153637285
0.44545100563419515
0.4444784286366619
0.44351153738613885
0.44255028535532537
0.44159462646995634
0.44064451510418584
0.4396999060760111
0.43876075464273406
0.43782701649646283
0.4368986477596518
0.4359756049806805
0.4350578451294719
0.43414532559314906
0.4332380041717313
0.432335839073869
0.43143878891261705
0.43054681270124723
0.42965986984909904
0.42877792015746935
0.4279009238155404
0.4270288413963457
0.42616163385277533
0.42529926251361727
0.4244416890796388
0.42358887561970443
0.4227407845669312
0.4218973787148828
0.4210586212137989
0.42022447556686365
0.41939490562650955
0.4185698755907584
0.4177493499995992
0.41693329373140137
0.4161216719993652
0.4153144503480068
0.41451159464967996
0.4137130711011321
0.41291884622009656
0.412128886841919
0.4113431601162187
0.4105616335035842
0.40978427477230317
0.4090110519951269
0.4082419335460665
0.4074768880972251
0.4067158846156611
0.40595889236028554
0.4052058808787916
0.4044568200046168
0.4037116798539367
0.4029704308226913
0.4022330435836427
0.40149948908346367
0.4007697385398578
0.40004376343871023
0.399321535531269
0.39860302683135673
0.3978882096126118
0.3971770564057598
0.39646953999591444
0.39576563341990706
0.3950653099636456
0.394368543159502
0.393675306783728
0.3929855748538991
0.3922993216263863
0.3916165215938552
0.39093714948279307
0.390261180251062
0.38958858908547966
0.38891935139942624
0.38825344283047764
0.3875908392380643
0.3869315167011569
0.3862754515159758
0.38562262019372767
0.3849729994583649
0.38432656624437206
0.3836832976945748
0.3830431711579739
0.3824061641876033
0.38177225453841185
0.38114142016516755
0.38051363922038683
0.37988889005228466
0.3792671512027492
0.3786484014053377
0.3780326195832955
0.37741978484759625
0.37680987649500447
0.37620287400615926
0.37559875704367957
0.3749975054502908
0.3743990992469712
0.37380351863111994
0.3732107439747454
0.372620755822673
0.3720335348907735
0.3714490620642112
0.3708673183957107
0.3702882851038443
0.36971194357133735
0.3691382753433929
0.36856726212603524
0.3679988857844713
0.3674331283414708
0.36686997197576426
0.3663093990204586
0.36575139196147094
0.36519593343597917
0.3646430062308905
0.364092593281326
0.3635446776691232
0.3629992426213545
0.3624562715088624
0.36191574784481073
0.36137765528325244
0.3608419776177128
0.3603086987797889
0.3597778028377638
0.35924927399523715
0.3587230965897703
0.3581992550915466
0.3576777341020464
0.35715851835273726
0.3566415927037779
0.356126942142737
0.35561455178332646
0.35510440686414774
0.3545964927474529
0.35409079491791895
0.3535872989814359
0.35308599066390806
0.3525868558100686
0.3520898803823073
0.351595050459511
0.35110235223591696
0.3506117720199789
0.3501232962332454
0.3496369114092506
0.3491526041924172
0.34867036133697166
0.34819016970587063
0.34771201626974024
0.3472358881058259
0.3467617723969543
0.34628965643050674
0.3458195275974032
0.34535137339109795
0.34488518140658636
0.3444209393394216
0.34395863498474305
0.343498256236315
0.3430397910855754
0.34258322762069554
0.34212855402564973
0.3416757585792945
0.3412248296544592
0.3407757557170454
0.34032852532513536
0.3398831271281125
0.33943954986578895
0.33899778236754363
0.3385578135514699
0.3381196324235317
0.3376832280767294
0.33724858969027405
0.33681570652877113
0.33638456794141247
0.33595516336117764
0.33552748230404283
0.33510151436819935
0.3346772492332795
0.3342546766595917
0.3338337864873628
0.3334145686359894
0.33299701310329644
0.3325811099648041
0.33216684937300267
0.3317542215566343
0.3313432168199836
0.33093382554217493
0.33052603817647686
0.3301198452496154
0.32971523736109315
0.32931220518251586
0.32891073945692684
0.3285108309981478
0.3281124706901265
0.327715649486292
0.327320358408916
0.3269265885484809
0.32653433106305535
0.3261435771776752
0.32575431818373185
0.3253665454383664
0.3249802503638705
0.3245954244470935
0.3242120592388553
0.32383014635336604
0.32344967746765113
0.3230706443209831
0.322693038714318
0.32231685250973946
0.32194207762990706
0.3215687060575111
0.3211967298347324
0.3208261410627089
0.3204569319010065
0.320089094567096
0.31972262133583507
0.31935750453895617
0.3189937365645591
0.318631309856609
0.31827021691443946
0.3179104502922613
0.31755200259867494
0.31719486649618944
0.31683903470074554
0.3164844999812433
0.3161312551590753
0.31577929310766445
0.31542860675200596
0.3150791890682145
0.31473103308307565
0.3143841318736021
0.31403847856659434
0.31369406633820557
0.3133508884135113
0.3130089380660829
0.31266820861756595
0.31232869343726255
0.31199038594171774
0.3116532795943102
0.31131736790484704
0.3109826444291628
0.3106491027687222
0.310316736570227
0.30998553952522656
0.3096555053697331
0.3093266278838394
0.30899890089134174
0.3086723182593655
0.30834687389799503
0.30802256175990733
0.3076993758400087
0.3073773101750756
0.3070563588433987
0.3067365159644309
0.3064177756984382
0.3061001322461543
0.30578357984843874
0.3054681127859383
0.3051537253787514
0.30484041198609657
0.3045281670059832
0.30421698487488597
0.303906860067423
0.3035977870960361
0.30328976051067447
0.30298277489848235
0.30267682488348835
0.30237190512629886
0.30206801032379355
0.30176513520882475
0.30146327454991906
0.3011624231509819
0.30086257585100556
0.30056372752377863
0.30026587307760044
0.29996900745499566
0.29967312563243376
0.29937822262005015
0.29908429346137005
0.29879133323303536
0.2984993370445334
0.2982083000379296
0.29791821738760094
0.2976290842999737
0.2973408960132621
0.29705364779721083
0.296767334952839
0.29648195281218725
0.2961974967380663
0.2959139621238093
0.29563134439302496
0.2953496389993539
0.29506884142622763
0.2947889471866286
0.2945099518228539
0.2942318509062796
0.2939546400371291
0.29367831484424206
0.2934028709848466
0.29312830414433266
0.2928546100360286
0.29258178440097876
0.2923098230077239
0.2920387216520832
0.2917684761569387
0.291499082372021
0.29123053617369804
0.29096283346476487
0.29069597017423565
0.29042994225713803
0.2901647456943086
0.28990037649219086
0.28963683068263474
0.2893741043226983
0.2891121934944505
0.28885109430477685
0.2885908028851859
0.288331315391618
0.2880726280042555
0.287814736927335
0.28755763838896115
0.28730132864092184
0.28704580395850604
0.2867910606403218
0.2865370950081171
0.2862839034066021
0.28603148220327246
0.28577982778823485
0.2855289365740338
0.28527880499547975
0.28502942950947974
0.284780806594868
0.2845329327522397
0.28428580450378466
0.284039418393124
0.2837937709851474
0.2835488588658516
0.28330467864218106
0.28306122694186947
0.28281850041328305
0.28257649572526516
0.28233520956698177
0.2820946386477691
0.2818547796969823
0.28161562946384494
0.2813771847173007
0.281139442245866
0.2809023988574833
0.280666051379377
0.28043039665790936
0.2801954315584385
0.27996115296517693
0.2797275577810523
0.2794946429275684
0.2792624053446677
0.27903084199059525
0.278799949841764
0.2785697258926203
0.2783401671555118
0.2781112706605555
0.27788303345550763
0.2776554526056343
0.2774285251935831
0.27720224831925666
0.2769766190996859
0.2767516346689059
0.2765272921778315
0.2763035887941352
0.2760805217021246
0.2758580881026227
0.27563628521284783
0.27541511026629484
0.275194560512618
0.27497463321751403
0.27475532566260696
0.27453663514533294
0.27431855897882723
0.274101094491811
0.2738842390284801
0.2736679899483937
0.27345234462636503
0.2732373004523525
0.27302285483135097
0.27280900518328555
0.27259574894290484
0.27238308355967594
0.27217100649768006
0.27195951523550865
0.2717486072661612
0.2715382800969431
0.27132853124936485
0.2711193582590418
0.2709107586755951
0.270702730062553
0.27049526999725354
0.2702883760707472
0.2700820458877013
0.2698762770663048
0.26967106723817347
0.2694664140482566
0.269262315154744
0.2690587682289739
0.26885577095534124
0.2686533210312076
0.26845141616681106
0.26825005408517694
0.2680492325220297
0.26784894922570474
0.26764920195706227
0.2674499884894
0.26725130660836854
0.26705315411188596
0.26685552881005375
0.26665842852507343
0.2664618510911636
0.266265794354478
0.26607025617302377
0.2658752344165809
0.2656807269666218
0.2654867317162319
0.265293246570031
0.2651002694440945
0.26490779826587624
0.2647158309741314
0.26452436551884
0.26433339986113125
0.2641429319732082
0.2639529598382736
0.26376348145045525
0.26357449481473344
0.2633859979468675
0.2631979888733239
0.26301046563120445
0.26282342626817545
0.2626368688423969
0.26245079142245276
0.26226519208728144
0.2620800689261069
0.26189542003837063
0.2617112435336634
0.26152753753165836
0.26134430016204424
0.2611615295644593
0.2609792238884252
0.26079738129328256
0.26061599994812545
0.26043507803173815
0.2602546137325308
0.2600746052484764
0.25989505078704866
0.25971594856515906
0.25953729680909565
0.2593590937544618
0.2591813376461153
0.2590040267381082
0.25882715929362693
0.2586507335849332
0.25847474789330466
0.258299200508977
0.25812408973108564
0.25794941386760817
0.25777517123530747
0.2576013601596749
0.25742797897487407
0.2572550260236852
0.25708249965744967
0.2569103982360148
0.2567387201276799
0.2565674637091416
0.2563966273654406
0.2562262094899079
0.2560562084841125
0.2558866227578082
0.2557174507288823
0.2555486908233033
0.2553803414750697
0.25521240112615934
0.2550448682264787
0.25487774123381257
0.25471101861377465
0.25454469883975767
0.25437878039288503
0.25421326176196135
0.25404814144342464
0.25388341794129826
0.2537190897671434
0.2535551554400117
0.25339161348639844
0.2532284624401961
0.2530657008426479
0.25290332724230236
0.25274134019496747
0.2525797382636656
0.2524185200185888
0.25225768403705406
0.2520972289034595
0.25193715320924004
0.2517774555528244
0.25161813453959136
0.2514591887818274
0.2513006168986836
0.251142417516134
0.25098458926693284
0.25082713079057384
0.250670040733248
0.2505133177478032
0.2503569604937032
0.2502009676369871
0.25004533785022937
0.24989006981249978
0.24973516220932415
0.2495806137326448
0.24942642308078175
0.2492725889583937
0.24911911007643991
0.24896598515214197
0.24881321290894562
0.2486607920764838
0.2485087213905384
0.2483569995930041
0.24820562543185087
0.24805459766108784
0.24790391504072676
0.24775357633674622
0.24760358032105567
0.24745392577146
0.2473046114716243
0.24715563621103895
0.24700699878498436
0.24685869799449736
0.24671073264633608
0.2465631015529464
0.2464158035324279
0.24626883740850067
0.24612220201047158
0.24597589617320154
0.2458299187370725
0.24568426854795483
0.24553894445717506
0.24539394532148362
0.24524927000302305
0.2451049173692961
0.24496088629313434
0.24481717565266703
0.24467378433128992
0.2445307112176344
0.24438795520553708
0.24424551519400922
0.24410339008720666
0.24396157879439964
0.24382008022994342
0.2436788933132483
0.24353801696875044
0.24339745012588293
0.2432571917190464
0.2431172406875806
0.2429775959757357
0.24283825653264407
0.24269922131229185
0.2425604892734914
0.242422059379853
0.24228393059975775
0.24214610190632999
0.24200857227740988
0.24187134069552682
0.24173440614787223
0.24159776762627294
0.241461424127165
0.2413253746515671
0.24118961820505452
0.24105415379773326
0.24091898044421423
0.24078409716358773
0.24064950297939788
0.24051519691961765
0.24038117801662348
0.24024744530717046
0.24011399783236784
0.2399808346376542
0.23984795477277318
0.23971535729174914
0.23958304125286314
0.23945100571862893
0.2393192497557695
0.23918777243519318
0.23905657283197032
0.23892565002530983
0.23879500309853655
0.23866463113906777
0.2385345332383904
0.23840470849203887
0.23827515599957197
0.23814587486455088
0.23801686419451681
0.23788812310096893
0.23775965069934235
0.23763144610898684
0.23750350845314436
0.23737583685892816
0.2372484304573014
0.2371212883830558
0.2369944097747905
0.23686779377489134
0.23674143952950968
0.2366153461885425
0.23648951290561093
0.23636393883804044
0.23623862314684063
0.2361135649966847
0.2359887635558899
0.23586421799639729
0.23573992749375222
0.2356158912270847
0.23549210837908993
0.23536857813600887
0.23524529968760913
0.23512227222716578
0.23499949495144218
0.2348769670606717
0.23475468775853842
0.23463265625215884
0.23451087175206303
0.2343893334721768
0.23426804062980278
0.2341469924456031
0.23402618814358056
0.2339056269510611
0.23378530809867615
0.23366523082034454
0.23354539435325541
0.23342579793785032
0.2333064408178063
0.2331873222400183
0.23306844145458216
0.23294979771477767
0.23283139027705171
0.23271321840100126
0.23259528134935684
0.23247757838796593
0.23236010878577637
0.2322428718148201
0.232125866750197
0.23200909287005833
0.231892549455591
0.23177623579100168
0.23166015116350044
0.23154429486328554
0.23142866618352748
0.23131326442035333
0.23119808887283153
0.23108313884295636
0.23096841363563264
0.23085391255866064
0.23073963492272076
0.23062558004135897
0.2305117472309714
0.23039813581078994
0.23028474510286726
0.2301715744320622
0.2300586231260255
0.229945890515185
0.2298333759327316
0.22972107871460448
0.22960899819947775
0.22949713372874556
0.22938548464650846
0.22927405029955947
0.22916283003737029
0.2290518232120773
0.2289410291784682
0.22883044729396806
0.22872007691862642
0.22860991741510325
0.22849996814865584
0.22839022848712576
0.22828069780092544
0.22817137546302504
0.2280622608489397
0.22795335333671632
0.22784465230692102
0.22773615714262596
0.227627867229397
0.22751978195528097
0.22741190071079298
0.22730422288890414
0.22719674788502925
0.22708947509701394
0.22698240392512326
0.22687553377202876
0.22676886404279678
0.2266623941448764
0.22655612348808737
0.22645005148460823
0.22634417754896471
0.2262385010980178
0.22613302155095194
0.22602773832926384
0.22592265085675062
0.22581775855949834
0.22571306086587098
0.2256085572064985
0.22550424701426613
0.22540012972430296
0.22529620477397075
0.2251924716028532
0.22508892965274432
0.2249855783676382
0.22488241719371768
0.2247794455793439
0.22467666297504518
0.22457406883350653
0.22447166260955936
0.22436944376017032
0.2242674117444311
0.22416556602354837
0.22406390606083287
0.22396243132168916
0.22386114127360587
0.223760035386145
0.22365911313093204
0.22355837398164582
0.22345781741400858
0.22335744290577614
0.22325724993672752
0.22315723798865578
0.22305740654535783
0.22295775509262472
0.2228582831182321
0.22275899011193073
0.2226598755654366
0.22256093897242182
0.22246217982850483
0.2223635976312412
0.22226519188011443
0.22216696207652634
0.22206890772378804
0.22197102832711108
0.22187332339359747
0.2217757924322317
0.22167843495387085
0.22158125047123606
0.2214842384989035
0.22138739855329562
0.2212907301526723
0.2211942328171219
0.22109790606855276
0.22100174943068468
0.2209057624290399
0.22080994459093495
0.22071429544547178
0.2206188145235297
0.2205235013577565
0.2204283554825607
0.22033337643410245
0.22023856375028592
0.2201439169707508
0.22004943563686408
0.21995511929171208
0.2198609674800923
0.2197669797485052
0.2196731556451465
0.21957949471989907
0.21948599652432507
0.21939266061165788
0.21929948653679465
0.21920647385628847
0.21911362212834012
0.21902093091279115
0.2189283997711157
0.21883602826641319
0.21874381596340037
0.2186517624284043
0.21855986722935467
0.2184681299357761
0.21837655011878138
0.2182851273510633
0.2181938612068881
0.21810275126208772
0.2180117970940528
0.21792099828172531
0.21783035440559162
0.21773986504767523
0.2176495297915297
0.21755934822223177
0.2174693199263742
0.21737944449205884
0.2172897215088899
0.21720015056796665
0.21711073126187724
0.2170214631846911
0.21693234593195287
0.21684337910067542
0.21675456228933276
0.21666589509785422
0.21657737712761702
0.2164890079814402
0.21640078726357787
0.21631271457971257
0.2162247895369493
0.21613701174380842
0.2160493808102197
0.21596189634751584
0.21587455796842592
0.21578736528706946
0.21570031791894997
0.21561341548094864
0.21552665759131823
0.2154400438696769
0.2153535739370021
0.2152672474156244
0.2151810639292214
0.21509502310281192
0.2150091245627497
0.21492336793671754
0.21483775285372153
0.21475227894408488
0.2146669458394421
0.21458175317273337
0.21449670057819845
0.21441178769137112
0.21432701414907335
0.2142423795894093
0.21415788365176033
0.21407352597677848
0.2139893062063815
0.21390522398374706
0.21382127895330688
0.21373747076074173
0.21365379905297546
0.2135702634781697
0.2134868636857186
0.21340359932624287
0.21332047005158505
0.2132374755148036
0.21315461537016783
0.21307188927315263
0.21298929688043297
0.21290683784987882
0.21282451184054996
0.21274231851269054
0.21266025752772413
0.21257832854824857
0.2124965312380307
0.2124148652620014
0.21233333028625045
0.2122519259780216
0.2121706520057074
0.2120895080388443
0.2120084937481078
0.21192760880530723
0.21184685288338123
0.2117662256563924
0.21168572679952283
0.21160535598906915
0.21152511290243772
0.2114449972181397
0.21136500861578658