0.14666666666666667
0.14666666666666667
0.14666666666666667
0.14666666666666667
0.14666666666666667
0.14666666666666667
0.14666666666666667
0.15333333333333332
0.15333333333333332
0.15333333333333332
0.15333333333333332
0.16666666666666666
0.16666666666666666
0.18
0.18666666666666668
0.19333333333333333
0.20666666666666667
0.20666666666666667
0.20666666666666667
0.20666666666666667
0.21333333333333335
0.22666666666666666
0.22666666666666666
0.24
0.24
0.24666666666666667
0.25333333333333335
0.25333333333333335
0.25333333333333335
0.25333333333333335
0.26666666666666666
0.26666666666666666
0.2733333333333333
0.28
0.28
0.28
0.28
0.28
0.29333333333333333
0.3
0.3
0.30666666666666664
0.30666666666666664
0.31333333333333335
0.32666666666666666
0.32666666666666666
0.32666666666666666
0.32666666666666666
0.3333333333333333
0.35333333333333333
0.41333333333333333
0.46
0.49333333333333335
0.5266666666666666
0.5733333333333334
0.5866666666666667
0.6066666666666667
0.6066666666666667
0.62
0.64
0.64
0.6533333333333333
0.66
0.6666666666666666
0.6733333333333333
0.6733333333333333
0.6866666666666666
0.6933333333333334
0.7266666666666667
0.74
0.76
0.7866666666666666
0.7866666666666666
0.7933333333333333
0.8
0.8066666666666666
0.8133333333333334
0.8133333333333334
0.84
0.84
0.84
0.8733333333333333
0.8733333333333333
0.8733333333333333
0.8733333333333333
0.8733333333333333
0.88
0.8866666666666667
0.8933333333333333
0.9066666666666666
0.9066666666666666
0.9066666666666666
0.9133333333333333
0.92
0.9266666666666666
0.92
0.92
0.92
0.9266666666666666
0.9333333333333333