0.758970411769699
0.336199625019627
0.2091488509731996
0.17392601301622837
0.1572690942890076
0.1442694509670085
0.13320858963591947
0.12455852199938675
0.11848186276852654
0.1146133785301807
0.11234277117077855
0.11107050655683295
0.1103355088771967
0.1098419363515934
0.1094322243320209
0.10904235033265058
0.1086598923175226
0.108293484437315
0.1079548389239754
0.10765082228839737
0.10738196022280401
0.10714409713924648
0.10693090756450313
0.10673599452744882
0.10655412421313688
0.10638164541398909
0.10621636002165212
0.10605713616792199
0.10590348328287283
0.10575521045674106
0.10561220747656791
0.10547433680402298
0.10534140284957524
0.10521316308203917
0.10508935384408974
0.10496971470486668
0.10485400449681243
0.10474200828136344
0.10463353748358167
0.10452842620340252
0.10442652624491905
0.10432770249170181
0.10423182937864064
0.10413878858431568
0.1040484677266216
0.10396075972922934
0.10387556255034552
0.10379277905057804
0.10371231687065875
0.10363408826477638
0.10355800988288018
0.10348400251832171
0.10341199084303379
0.10334190314887869
0.10327367110682188
0.10320722954885678
0.10314251627276202
0.10307947186710004
0.10301803955294196
0.1029581650389842
0.10289979638741405
0.10284288388867562
0.10278737994395369
0.10273323895465455
0.10268041721842722
0.1026288728313872
0.10257856559623622
0.1025294569359614
0.10248150981278094
0.10243468865199244
0.10238895927038301
0.10234428880887504
0.10230064566910245
0.10225799945363868
0.1022163209096216
0.10217558187554555
0.1021357552310097
0.10209681484923118
0.10205873555214597
0.10202149306793395
0.10198506399081653
0.10194942574298613
0.10191455653853543
0.10188043534926512
0.10184704187225559
0.10181435649909677
0.10178236028667731
0.10175103492944107
0.10172036273302484
0.10169032658919752
0.10166090995202567
0.1016320968151957
0.10160387169042741
0.10157621958691769
0.1015491259917571
0.10152257685126605
0.10149655855319985
0.10147105790977613
0.10144606214148007
0.10142155886160574
0.10139753606149557
0.10137398209643995
0.10135088567220375
0.10132823583214687
0.10130602194490813
0.1012842336926245
0.10126286105965797
0.1012418943218049
0.10122132403596414
0.10120114103024035
0.10118133639446247
0.10116190147109604
0.1011428278465307
0.10112410734272516
0.10110573200919218
0.10108769411530764
0.10106998614292861
0.10105260077930577
0.10103553091027652
0.10101876961372636
0.1010023101533054
0.10098614597238938
0.10097027068827329
0.1009546780865879
0.10093936211592873
0.10092431688268845
0.10090953664608351
0.10089501581336663
0.10088074893521708
0.10086673070130116
0.10085295593599539
0.10083941959426564
0.10082611675769561
0.10081304263065838
0.10080019253662484
0.10078756191460363
0.10077514631570697
0.10076294139983728
0.1007509429324896
0.10073914678166523
0.10072754891489193
0.10071614539634656
0.10070493238407613
0.10069390612731302
0.10068306296388127
0.10067239931768958
0.10066191169630843
0.1006515966886275
0.10064145096259057
0.10063147126300487
0.10062165440942196
0.10061199729408778
0.10060249687995856
0.10059315019878087
0.10058395434923319
0.10057490649512618
0.1005660038636606
0.1005572437437395
0.10054862348433373
0.10054014049289815
0.10053179223383724
0.10052357622701778
0.10051549004632752
0.10050753131827764
0.10049969772064779
0.10049198698117234
0.10048439687626577
0.10047692522978667
0.10046956991183842
0.10046232883760539
0.10045519996622365
0.1004481812996849
0.10044127088177228
0.1004344667970273
0.10042776716974688
0.10042117016300894
0.10041467397772628
0.10040827685172746
0.10040197705886363
0.10039577290814103
0.10038966274287758
0.1003836449398834
0.10037771790866405
0.10037188009064614
0.10036612995842424
0.10036046601502849
0.10035488679321267
0.10034939085476129
0.1003439767898158
0.10033864321621913
0.10033338877887762
0.10032821214914041
0.10032311202419529
0.10031808712648065
0.10031313620311305
0.10030825802533
0.10030345138794718
0.10029871510883023
0.10029404802838007
0.10028944900903147
0.1002849169347651
0.10028045071063175
0.10027604926228884
0.10027171153554876
0.10026743649593901
0.10026322312827311
0.10025907043623264
0.10025497744195949
0.10025094318565889
0.10024696672521158
0.10024304713579654
0.10023918350952228
0.10023537495506761
0.1002316205973313
0.1002279195770901
0.10022427105066542
0.10022067418959778
0.1002171281803294
0.10021363222389436
0.10021018553561618
0.1002067873448128
0.10020343689450846
0.10020013344115246
0.10019687625434465
0.10019366461656735
0.10019049782292376
0.10018737518088203
0.100184296010026
0.10018125964181115
0.1001782654193266
0.10017531269706242
0.10017240084068228
0.10016952922680156
0.1001666972427703
0.10016390428646117
0.10016114976606232
0.10015843309987495
0.10015575371611522
0.100153111052721
0.10015050455716254
0.10014793368625777
0.10014539790599142
0.10014289669133829
0.10014042952609056
0.10013799590268845
0.10013559532205522
0.10013322729343535
0.10013089133423651
0.10012858696987471
0.10012631373362314
0.10012407116646396
0.10012185881694353
0.10011967624103073
0.10011752300197804
0.10011539867018611
0.10011330282307064
0.10011123504493256
0.10010919492683071
0.10010718206645718
0.1001051960680155
0.10010323654210117
0.10010130310558485
0.10009939538149777
0.10009751299891984
0.10009565559286977
0.10009382280419768
0.10009201427947982
0.10009022967091553
0.10008846863622611
0.1000867308385561
0.1000850159463764
0.10008332363338909
0.10008165357843475
0.10008000546540113
0.10007837898313399
0.10007677382534944
0.10007518969054856
0.10007362628193295
0.1000720833073227
0.10007056047907553
0.10006905751400787
0.10006757413331699
0.10006611006250533
0.10006466503130575
0.10006323877360869
0.10006183102739026
0.10006044153464226
0.10005907004130322
0.10005771629719085
0.10005638005593587
0.10005506107491703
0.10005375911519747
0.10005247394146215
0.10005120532195672
0.10004995302842726
0.10004871683606145
0.10004749652343077
0.10004629187243351
0.10004510266823939
0.10004392869923484
0.10004276975696931
0.10004162563610278
0.10004049613435421
0.10003938105245086
0.10003828019407848
0.10003719336583274
0.10003612037717122
0.10003506104036652
0.10003401517046001
0.10003298258521683
0.10003196310508108
0.10003095655313257
0.1000299627550437
0.10002898153903765
0.10002801273584695
0.10002705617867301
0.10002611170314628
0.1000251791472873
0.10002425835146807
0.10002334915837474
0.10002245141297016
0.10002156496245794
0.1000206896562465
0.10001982534591417
0.10001897188517445
0.10001812912984269
0.10001729693780234
0.10001647516897265
0.10001566368527652
0.10001486235060886
0.10001407103080578
0.10001328959361416
0.10001251790866182
0.10001175584742795
0.10001100328321452
0.10001026009111783
0.1000095261480005
0.10000880133246436
0.10000808552482345
0.10000737860707741
0.1000066804628858
0.1000059909775422
0.10000531003794948
0.10000463753259477
0.10000397335152547
0.10000331738632531
0.10000266953009082
0.1000020296774084
0.10000139772433164
0.10000077356835906
0.1000001571084121
0.09999954824481376
0.09999894687926729
0.0999983529148354
0.09999776625591986
0.09999718680824132
0.09999661447881947
0.09999604917595364
0.09999549080920368
0.09999493928937107
0.09999439452848032
0.09999385643976097
0.09999332493762952
0.09999279993767188
0.09999228135662594
0.09999176911236463
0.09999126312387911
0.09999076331126226
0.09999026959569253
0.09998978189941779
0.09998930014573974
0.09998882425899855
0.09998835416455747
0.09998788978878795
0.09998743105905501
0.09998697790370253
0.09998653025203925
0.09998608803432457
0.09998565118175484
0.09998521962644963
0.09998479330143871
0.09998437214064844
0.09998395607888919
0.09998354505184238
0.09998313899604803
0.09998273784889244
0.09998234154859603
0.09998195003420127
0.09998156324556111
0.09998118112332723
0.09998080360893866
0.0999804306446107
0.09998006217332363
0.09997969813881204
0.09997933848555395
0.09997898315876046
0.0999786321043652
0.09997828526901413
0.09997794260005556
0.09997760404553013