1.5730157339681963
1.560908426314833
1.5453868506624182
1.5275457534800707
1.5081575069009565
1.4877663603365177
1.4667556084053537
1.4453952038096625
1.423875386828867
1.402330378774143
1.3808550454570445
1.3595166014691786
1.338362823347597
1.3174278087423186
1.2967360124492597
1.2763050734569876
1.2561477942536343
1.236273525986112
1.2166891373799404
1.1973996921767154
1.17840892254745
1.1597195597798566
1.1413335651966612
1.12325229140648
1.1054765949794791
1.0880069153267513
1.0708433301382874
1.0539855946339958
1.0374331697090247
1.021185242530905
1.005240742077177
0.9895983513518549
0.97425651749192
0.9592134606041343
0.9444671819110606
0.9300154716005218
0.91585591664193
0.9019859087399353
0.8884026525295133
0.8751031740690997
0.8620843296542395
0.8493428149496587
0.8368751744199929
0.824677811026821
0.8127469961508128
0.8010788796918102
0.7896695002958786
0.7785147956563132
0.7676106128349242
0.7569527185503954
0.7465368093819049
0.7363585218383513
0.7264134422463037
0.7166971164130634
0.707205059024878
0.6979327627442878
0.6888757069747278
0.6800293662647405
0.6713892183284511
0.662950751663195
0.6547094727493504
0.6466609128214418
0.6388006342034028
0.6311242362044914
0.623627360575699
0.6163056965295689
0.6091549853291314
0.602171024454157
0.5953496713551205
0.5886868468071755
0.5821785378780537
0.5758208005251334
0.569609761838007
0.5635416219436965
0.5576126555922674
0.5518192134409782
0.5461577230553005
0.5406246896451675
0.5352166965546821
0.5299304055232577
0.5247625567357896
0.5197099686789819
0.5147695378204047
0.5099382381262404
0.5052131204330067
0.5005913116878378
0.4960700140711718
0.491646504014942
0.4873181311286065
0.4830823170445995
0.4789365541940267
0.474878404522697
0.4709054981568513
0.4670155320272582
0.46320626845966095
0.45947553373891936
0.45582121665356296
0.4522412670268869
0.4487336942401581
0.44529656575297627