0.5133333333333333
0.5133333333333333
0.5133333333333333
0.5133333333333333
0.5133333333333333
0.5133333333333333
0.5133333333333333
0.5133333333333333
0.5133333333333333
0.5133333333333333
0.5133333333333333
0.5133333333333333
0.5133333333333333
0.5133333333333333
0.5133333333333333
0.54
0.54
0.54
0.5466666666666666
0.5666666666666667
0.5733333333333334
0.58
0.5866666666666667
0.5933333333333334
0.6066666666666667
0.6066666666666667
0.62
0.6266666666666667
0.6333333333333333
0.64
0.66
0.6733333333333333
0.6733333333333333
0.6866666666666666
0.6933333333333334
0.6933333333333334
0.6933333333333334
0.72
0.72
0.7266666666666667