1.8809111381396826
1.8753043191718584
1.869738026507208
1.8642118142802182
1.8587252422373743
1.853277875677153
1.8478692853902527
1.842499047600087
1.837166743903534
1.8318719612119652
1.8266142916925543
1.8213933327098737
1.8162086867677938
1.811059961451685
1.805946769370932
1.8008687281017695
1.7958254601304446
1.7908165927967084
1.7858417582376478
1.7809005933318618
1.775992739643987
1.7711178433695767
1.7662755552803413
1.761465530669752
1.756687429299016
1.7519409153434222
1.7472256573390685
1.7425413281299684
1.7378876048155474
1.7332641686985237
1.7286707052331898
1.7241069039740842
1.7195724585250693
1.7150670664888097
1.7105904294166567
1.7061422527589472
1.7017222458157069
1.6973301216877765
1.6929655972283493
1.6886283929949326
1.6843182332017277
1.6800348456724352
1.675777961793486
1.671547316467699
1.667342648068369
1.6631636983937832
1.659010212622169
1.6548819392670777
1.650778630133199
1.6467000402726106
1.642645927941464
1.638616054557105
1.6346101846556313
1.6306280858498876
1.6266695287878936
1.6227342871117152
1.6188221374167653
1.6149328592115453
1.6110662348778237
1.6072220496312446
1.6034000914823774
1.5996001511981954
1.595822022263992
1.592065500845727
1.5883303857528024
1.5846164784012702
1.58092358277747
1.577251505402089
1.5736000552946532
1.5699690439384368
1.566358285245797
1.562767595523929
1.5591967934410373
1.5556456999929238
1.5521141384699901
1.5486019344246515
1.5451089156391598
1.5416349120938322
1.5381797559356873
1.5347432814474804
1.5313253250171377
1.5279257251075884
1.5245443222269897
1.5211809588993437
1.5178354796354998
1.5145077309045445
1.5111975611055704
1.5079048205398276
1.504629361383247
1.501371037659339
1.498129705212459
1.4949052216814422
1.4916974464735961
1.4885062407390592
1.4853314673455091
1.4821729908532268
1.4790306774905113
1.4759043951294357
1.4727940132619517
1.4696994029763246
1.4666204369339133
1.463556989346275
1.460508935952602
1.4574761539974788
1.454458522208967
1.4514559207770046
1.4484682313321133
1.4454953369244306
1.442537122003033
1.4395934723955746
1.436664275288219
1.4337494192058688
1.4308487939926906
1.4279622907929244
1.4250898020319824
1.4222312213978294
1.4193864438226382
1.4165553654647267
1.4137378836907593
1.410933897058221
1.4081433052981567
1.4053660092981661
1.402601911085664
1.399850913811389
1.3971129217331653
1.3943878401999128
1.3916755756359007
1.3889760355252414
1.386289128396623
1.3836147638082767
1.3809528523331724
1.3783033055444474
1.375666036001053
1.3730409572336293
1.370427983730594
1.3678270309244471
1.3652380151782912
1.3626608537725553
1.3600954648919286
1.3575417676124972
1.354999681889079
1.3524691285427584
1.349950029248612
1.347442306523628
1.344945883714815
1.3424606849874932
1.3399866353137713
1.337523660461203
1.3350716869816202
1.3326306422001413
1.3302004542043522
1.3277810518336557
1.325372364668788
1.3229743230215014
1.3205868579244056
1.318209901120969
1.315843385055679
1.3134872428643556
1.3111414083646138
1.3088058160464804
1.306480401063154
1.3041650992219131
1.3018598469751625
1.2995645814116261
1.29727924024767
1.2950037618187693
1.292738085071103
1.2904821495532806
1.2882358954082043
1.28599926336505
1.2837721947313787
1.2815546313853705
1.2793465157681796
1.2771477908764066
1.2749584002546912
1.27277828798842
1.270607398696544
1.2684456775245132
1.2662930701373172
1.2641495227126347
1.2620149819340918
1.2598893949846195
1.2577727095399205
1.2556648737620306
1.2535658362929862
1.251475546248583
1.2493939532122358
1.2473210072289311
1.2452566587992706
1.2432008588736116
1.2411535588462919
1.239114710549944
1.237084266249901
1.2350621786386808
1.2330484008305604
1.2310428863562297
1.2290455891575272
1.227056463582256
1.2250754643790787
1.2231025466924885
1.2211376660578575
1.219180778396557
1.2172318400111575
1.2152908075806916
1.2133576381559972
1.2114322891551237
1.2095147183588117
1.2076048839060354
1.2057027442896155
1.203808258351896
1.2019213852804835
1.2000420846040518
1.1981703161882071
1.1963060402314154
1.1944492172609886
1.1925998081291296
1.1907577740090356
1.1889230763910603
1.1870956770789274
1.1852755381860052
1.183462622131628
1.1816568916374803
1.1798583097240227
1.1780668397069782
1.1762824451938632
1.1745050900805725
1.1727347385480087
1.1709713550587648
1.1692149043538487
1.16746535144946
1.1657226616338077
1.163986800463975
1.16225773376283
1.1605354276159736
1.1588198483687406
1.157110962623232
1.1554087372353965
1.1537131393121478
1.1520241362085262
1.1503416955248957
1.148665785104182
1.146996373029148
1.1453334276197078
1.1436769174302752
1.142026811247151
1.1403830780859452
1.1387456871890325
1.1371146080230459
1.135489810276401
1.1338712638568555