1.399039727569587
1.0349405065198547
0.891230290774957
0.8125591961793599
0.7616655772091611
0.7261901923344993
0.7003846628840109
0.6809927622380535
0.6659980855941746
0.6540966273409284
0.6444221019252949
0.6363867412045486
0.6295840703398607
0.62372777377547
0.6186124822542525
0.6140882141181855
0.6100434751564542
0.6063939300053984
0.6030747059652055
0.6000350944078096
0.5972348537807475
0.5946415951859538
0.592228908368597
0.589975000107658
0.5878616914506274
0.5858736692781892
0.583997920309417
0.5822232975710342
0.5805401842143646
0.5789402297376278
0.5774161407040242
0.5759615129546191
0.5745706957744358
0.5732386809323228
0.5719610112849329
0.5707337049200218
0.5695531917564375
0.5684162602159745
0.5673200121042339
0.5662618242319012
0.5652393156085376
0.5642503192724483
0.5632928579999763
0.5623651232784429
0.56146545703824
0.5605923357281919
0.5597443563893747
0.5589202244399953
0.5581187429305982
0.5573388030670416
0.5565793758300877
0.5558395045464041
0.5551182982873543
0.5544149259899604
0.5537286112095049
0.5530586274259547
0.552404293837106
0.5517649715804503
0.5511400603334862
0.5505289952488032
0.5499312441858998
0.549346305206537
0.5487737043045915
0.5482129933449522
0.5476637481891121
0.5471255669877809
0.5465980686231804
0.5460808912857067
0.5455736911714044
0.5450761412882494
0.5445879303605697
0.5441087618221284
0.5436383528894209
0.543176433707654
0.5427227465626738
0.5422770451528219
0.5418390939153218
0.5414086674023518
0.5409855497024516
0.5405695339033474
0.5401604215926626
0.5397580223933302
0.5393621535308283
0.5389726394296355
0.5385893113365444
0.5382120069686969
0.537840570184394
0.5374748506749157
0.5371147036757415
0.5367599896957047
0.5364105742627425
0.53606632768502
0.5357271248263098
0.5353928448946043
0.5350633712430194
0.5347385911821358
0.5344183958029778
0.53410267980991
0.5337913413627802
0.5334842819276909
0.5331814061358328
0.5328826216498537
0.5325878390372797
0.5322969716505395
0.532009935513175
0.5317266492118572
0.5314470337938473
0.5311710126695743
0.53089851152002
0.5306294582086276
0.530363782697465
0.5301014169673992
0.5298422949420465
0.5295863524152884
0.5293335269821464
0.5290837579728344
0.5288369863898085
0.5285931548476528
0.5283522075156474
0.5281140900628734
0.5278787496057226
0.5276461346576838
0.5274161950812876
0.5271888820420979
0.5269641479646477
0.5267419464902166
0.5265222324363625
0.5263049617581176
0.5260900915107637
0.5258775798141191
0.5256673858182518
0.5254594696705603
0.5252537924841518
0.5250503163074578
0.5248490040950302
0.5246498196794614
0.5244527277443786
0.5242576937984608
0.5240646841504347
0.5238736658850043
0.5236846068396729
0.5234974755824163
0.5233122413901742
0.5231288742281184
0.5229473447296694
0.5227676241772263
0.5225896844835796
0.5224134981739805
0.5222390383688365
0.5220662787670082
0.5218951936296823
0.5217257577647991
0.5215579465120067
0.5213917357281271
0.5212271017731096
0.5210640214964517
0.5209024722240712
0.5207424317456112
0.5205838783021596
0.5204267905743677
0.5202711476709543
0.5201169291175771
0.5199641148460602
0.519812685183963
0.5196626208444777
0.5195139029166445
0.5193665128558684
0.5192204324747339
0.519075643934098
0.518932129734459
0.5187898727075851
0.5186488560083984
0.5185090631071008
0.5183704777815366
0.5182330841097808
0.5180968664629477
0.51796180949821
0.5178278981520212
0.5176951176335359
0.5175634534182206
0.5174328912416457
0.5173034170934576
0.5171750172115208
0.517047678076225
0.516921386404954
0.516796129146707
0.5166718934768721
0.5165486667921418
0.51642643670557
0.5163051910417646
0.51618491783221
0.5160656053107161
0.5159472419089927
0.5158298162523383
0.5157133171554481
0.5155977336183306
0.5154830548223331
0.5153692701262723
0.5152563690626644
0.5151443413340547
0.515033176809443
0.5149228655207984
0.5148133976596664
0.5147047635738611
0.5145969537642417
0.5144899588815715
0.5143837697234531
0.5142783772313445
0.5141737724876464
0.5140699467128629
0.5139668912628322
0.5138645976260262
0.5137630574209142
0.5136622623933934
0.5135622044142794
0.5134628754768586
0.5133642676944998
0.5132663732983214
0.5131691846349148
0.5130726941641233
0.5129768944568709
0.512881778193044
0.512787338159422
0.5126935672476562
0.5126004584522953
0.512508004868857
0.5124161996919435
0.5123250362134011
0.51223450782052
0.5121446079942769
0.512055330307616
0.5119666684237689
0.5118786160946138
0.5117911671590679
0.5117043155415195
0.5116180552502919
0.5115323803761423
0.5114472850907943
0.5113627636455003
0.5112788103696382
0.5111954196693367
0.5111125860261296
0.5110303039956418
0.5109485682062997
0.5108673733580734
0.5107867142212417
0.5107065856351853
0.5106269825072065
0.5105478998113704
0.5104693325873736
0.5103912759394347
0.5103137250352084
0.510236675104722
0.5101601214393342
0.5100840593907139
0.510008484369842
0.5099333918460315
0.5098587773459692
0.5097846364527752
0.5097109648050825
0.5096377580961348
0.509565012072902
0.5094927225352135
0.5094208853349093
0.5093494963750059
0.5092785516088818
0.5092080470394764
0.5091379787185044
0.5090683427456889
0.5089991352680043
0.5089303524789389
0.5088619906177672
0.50879404596884
0.5087265148608852
0.5086593936663241
0.5085926788005987
0.5085263667215135
0.5084604539285886
0.5083949369624254
0.5083298124040839
0.5082650768744722
0.5082007270337462
0.508136759580722
0.508073171252298
0.5080099588228878
0.5079471191038639
0.5078846489430109
0.50782254522399
0.5077608048658109
0.5076994248223161
0.507638402081672
0.5075777336658712
0.5075174166302414
0.5074574480629654
0.5073978250846084
0.5073385448476534
0.5072796045360459
0.507221001364746
0.5071627325792877
0.5071047954553471
0.5070471872983175
0.5069899054428926
0.5069329472526548
0.5068763101196734
0.5068199914641082
0.5067639887338194
0.5067082994039862
0.5066529209767293
0.506597850980742
0.5065430869709256
0.5064886265280333
0.506434467258318
0.5063806067931866
0.5063270427888612
0.5062737729260438
0.5062207949095886
0.5061681064681789
0.5061157053540086
0.5060635893424709
0.5060117562318494
0.5059602038430171
0.505908930019138
0.5058579326253747
0.5058072095486011
0.5057567586971184
0.5057065780003765
0.5056566654087004
0.5056070188930194
0.5055576364446029
0.5055085160747977
0.505459655814772
0.5054110537152614
0.5053627078463205
0.5053146162970773
0.5052667771754921
0.5052191886081193
0.5051718487398748
0.5051247557338042
0.5050779077708575
0.5050313030496646
0.5049849397863166
0.504938816214149
0.5048929305835287
0.5048472811616436
0.5048018662322968
0.504756684095703
0.5047117330682873
0.5046670114824885
0.5046225176865645
0.5045782500444005
0.5045342069353206
0.504490386753902
0.5044467879097916
0.5044034088275257
0.504360247946352
0.504317303720056
0.5042745746167858
0.5042320591188845
0.5041897557227214
0.5041476629385272
0.5041057792902313
0.5040641033153016
0.5040226335645864
0.5039813686021585
0.5039403070051616
0.5038994473636597
0.5038587882804867
0.5038183283711009
0.5037780662634384
0.5037380005977714
0.5036981300265672
0.5036584532143485
0.5036189688375579
0.5035796755844205
0.5035405721548138
0.5035016572601341
0.5034629296231676
0.5034243879779634
0.503386031069707
0.5033478576545959
0.5033098664997177
0.5032720563829294
0.5032344260927373
0.5031969744281806
0.5031597001987149
0.5031226022240979
0.5030856793342767
0.5030489303692766
0.503012354179091
0.5029759496235735
0.5029397155723307
0.5029036509046172
0.5028677545092307
0.5028320252844106
0.5027964621377359
0.5027610639860246
0.502725829755237
0.5026907583803766
0.5026558488053946
0.5026210999830956
0.5025865108750429
0.5025520804514675
0.5025178076911757
0.5024836915814602
0.5024497311180104
0.502415925304825
0.5023822731541261
0.5023487736862726
0.5023154259296766
0.5022822289207202
0.5022491817036729
0.5022162833306109
0.5021835328613362
0.5021509293632981
0.5021184719115149
0.5020861595884968
0.5020539914841696
0.5020219666957993
0.5019900843279184
0.5019583434922514
0.5019267433076441
0.5018952828999901
0.5018639614021612
0.5018327779539377
0.5018017317019385
0.5017708217995543
0.5017400474068794
0.5017094076906449
0.5016789018241541
0.5016485289872173
0.5016182883660874
0.5015881791533964
0.5015582005480936
0.5015283517553837
0.5014986319866648
0.5014690404594695
0.5014395763974041
0.5014102390300904
0.5013810275931077
0.5013519413279341
0.5013229794818914
0.5012941413080875
0.5012654260653616
0.5012368330182296
0.5012083614368292
0.5011800105968668
0.5011517797795646
0.5011236682716081
0.5010956753650945
0.5010678003574814
0.5010400425515364
0.5010124012552878
0.5009848757819737
0.5009574654499946
0.5009301695828651
0.5009029875091651
0.5008759185624936
0.500848962081422
0.5008221174094478
0.5007953838949492
0.5007687608911396
0.5007422477560244
0.5007158438523545
0.5006895485475857
0.5006633612138337
0.5006372812278317
0.5006113079708894
0.5005854408288497
0.5005596791920492
0.5005340224552768
0.5005084700177328
0.5004830212829902
0.5004576756589545
0.5004324325578252
0.5004072913960572
0.5003822515943226
0.5003573125774728
0.5003324737745021
0.5003077346185095
0.5002830945466634
0.5002585530001651
0.5002341094242129
0.5002097632679673
0.5001855139845154
0.5001613610308369
0.5001373038677699
0.5001133419599769
0.5000894747759113
0.5000657017877845
0.5000420224715333
0.5000184363067866
0.49999494277683476
0.4999715413685967
0.4999482315725892
0.49992501288289565
0.49990188479713515
0.49987884681643213
0.4998558984453867
0.4998330391920445
0.499810268567867
0.49978758608770285
0.4997649912697591
0.4997424836355716
0.49972006270997826
0.49969772802108997
0.4996754791002633
0.49965331548207303
0.4996312367042851
0.4996092423078298
0.4995873318367748
0.49956550483829965
0.49954376086266894
0.49952209946320697
0.49950052019627217
0.4994790226212315
0.4994576063004367
0.4994362707991975
0.4994150156857587
0.4993938405312756
0.4993727449097899
0.49935172839820546
0.4993307905762658
0.49930993102652943
0.49928914933434826
0.4992684450878435
0.4992478178778842
0.4992272672980637
0.49920679294467835
0.499186394416705
0.4991660713157796
0.4991458232461756
0.4991256498147828
0.4991055506310854
0.49908552530714245
0.4990655734575661
0.4990456946995015
0.4990258886526064
0.4990061549390312
0.49898649318339905
0.49896690301278596
0.4989473840567009
0.4989279359470677
0.4989085583182046
0.4988892508068057
0.49887001305192263
0.49885084469494523
0.49883174537958347
0.4988127147518494
0.49879375246003876
0.49877485815471284
0.4987560314886814
0.4987372721169845
0.4987185796968752
0.49869995388780286
0.49868139435139497
0.4986629007514415
0.49864447275387697
0.4986261100267645
0.49860781224027917
0.49858957906669205
0.49857141018035334
0.4985533052576768
0.498535263977124
0.4985172860191884
0.49849937106637987
0.4984815188032091
0.4984637289161724
0.4984460010937369
0.49842833502632505
0.4984107304062999
0.4983931869279504
0.49837570428747724
0.49835828218297706
0.4983409203144299
0.498323618383684
0.4983063760944411
0.4982891931522441
0.49827206926446177
0.49825500414027607
0.4982379974906679
0.4982210490284037
0.49820415846802274
0.4981873255258232
0.4981705499198491
0.4981538313698782
0.49813716959740806
0.4981205643256436
0.4981040152794847
0.498087522185514
0.4980710847719832
0.4980547027688022
0.498038375907526
0.49802210392134305
0.49800588654506306
0.49798972351510506
0.49797361456948597
0.4979575594478083
0.4979415578912493
0.4979256096425491
0.497909714445999
0.49789387204743135
0.49787808219420676
0.4978623446352046
0.49784665912081055
0.4978310254029071
0.4978154432348616
0.4977999123715165
0.49778443256917787
0.49776900358560544
0.4977536251800024
0.4977382971130039
0.4977230191466684
0.49770779104446616
0.49769261257127
0.4976774834933448
0.4976624035783378
0.4976473725952688
0.4976323903145202
0.497617456507828
0.4976025709482715
0.49758773341026363
0.49757294366954236
0.4975582015031609
0.49754350668947855
0.4975288590081511
0.49751425824012235
0.4974997041676148
0.49748519657412066
0.4974707352443927
0.4974563199644362
0.49744195052149937
0.4974276267040655
0.49741334830184314
0.4973991151057593
0.49738492690794944
0.49737078350175
0.4973566846816897
0.4973426302434815
0.4973286199840142
0.4973146537013443
0.49730073119468854
0.49728685226441527
0.4972730167120366
0.49725922434020087
0.49724547495268473
0.49723176835438515
0.4972181043513125
0.4972044827505819
0.4971909033604063
0.4971773659900892
0.49716387045001703
0.4971504165516513
0.49713700410752215
0.4971236329312204
0.497110302837391
0.49709701364172515
0.4970837651609538
0.4970705572128406
0.49705738961617485
0.49704426219076464
0.4970311747574294
0.4970181271379947
0.4970051191552832
0.49699215063311036
0.49697922139627604
0.4969663312705587
0.49695348008270906
0.49694066766044276
0.4969278938324348
0.49691515842831274
0.49690246127865084
0.49688980221496276
0.49687718106969664
0.49686459767622776
0.4968520518688534
0.4968395434827859
0.4968270723541474
0.4968146383199628
0.4968022412181554
0.49678988088753934
0.4967775571678148
0.4967652698995619
0.4967530189242349
0.49674080408415644
0.4967286252225121
0.4967164821833444
0.49670437481154756
0.496692302952862
0.4966802664538681
0.496668265161982
0.4966562989254491
0.496644367593339
0.49663247101554064
0.49662060904275596
0.496608781526496
0.49659698831907434
0.4965852292736031
0.49657350424398705
0.4965618130849184
0.49655015565187266
0.4965385318011025
0.49652694138963366
0.4965153842752595
0.4965038603165362
0.49649236937277796
0.49648091130405186
0.49646948597117385
0.49645809323570317
0.4964467329599377
0.49643540500690975
0.4964241092403811
0.49641284552483844
0.4964016137254885
0.4963904137082541
0.49637924533976896
0.4963681084873737
0.4963570030191112
0.4963459288037221
0.4963348857106404
0.4963238736099894
0.49631289237257725
0.4963019418698923
0.4962910219740992
0.49628013255803477
0.49626927349520344
0.4962584446597731
0.49624764592657156
0.4962368771710817
0.4962261382694377
0.49621542909842087
0.49620474953545607
0.4961940994586071
0.4961834787465732
0.4961728872786849
0.4961623249349
0.49615179159580003
0.49614128714258615
0.49613081145707544
0.496120364421697
0.49610994591948854
0.4960995558340917
0.49608919404974966
0.49607886045130245
0.49606855492418384
0.49605827735441704
0.496048027628612
0.4960378056339612
0.4960276112582363
0.4960174443897844
0.4960073049175251
0.4959971927309461
0.49598710772010063
0.49597704977560364
0.49596701878862803
0.4959570146509022
0.4959470372547058
0.4959370864928667
0.4959271622587578
0.49591726444629364
0.4959073929499274
0.4958975476646465
0.49588772848597135
0.49587793530995045
0.495868168033158
0.4958584265526906
0.495848710766164
0.49583902057171014
0.49582935586797394
0.49581971655411067
0.4958101025297819
0.49580051369515377
0.4957909499508928
0.4957814111981636
0.4957718973386261
0.4957624082744317
0.4957529439082212
0.49574350414312135
0.49573408888274273
0.4957246980311759
0.49571533149298924
0.49570598917322584
0.49569667097740067
0.4956873768114981
0.49567810658196887
0.4956688601957275
0.4956596375601493
0.4956504385830678
0.49564126317277235
0.49563211123800494
0.495622982687958
0.49561387743227137
0.4956047953810302
0.49559573644476146
0.4955867005344324
0.4955776875614474
0.4955686974376453
0.4955597300752975
0.49555078538710473
0.495541863286195
0.49553296368612104
0.4955240865008573
0.49551523164479866
0.49550639903275717
0.49549758857995946
0.49548880020204483
0.4954800338150628
0.49547128933547074
0.4954625666801313
0.4954538657663099
0.49544518651167335
0.49543652883428657
0.4954278926526105
0.49541927788550044
0.4954106844522029
0.49540211227235387
0.49539356126597667
0.49538503135347944
0.4953765224556533
0.4953680344936694
0.49535956738907777
0.49535112106380474
0.4953426954401503
0.495334290440787
0.49532590598875664
0.49531754200746925
0.4953091984207002
0.4953008751525888
0.49529257212763556
0.49528428927070084
0.49527602650700203
0.49526778376211256
0.4952595609619588
0.4952513580328187
0.4952431749013199
0.49523501149443727
0.4952268677394914
0.4952187435641464
0.49521063889640804
0.4952025536646222
0.49519448779747194
0.49518644122397704
0.4951784138734908
0.49517040567569903
0.49516241656061805
0.4951544464585923
0.4951464953002934
0.4951385630167171
0.4951306495391832
0.495122754799332
0.4951148787291237
0.49510702126083594
0.4950991823270626
0.49509136186071157
0.4950835597950032
0.49507577606346886
0.4950680105999485
0.4950602633385897
0.49505253421384543
0.4950448231604727
0.49503713011353095
0.4950294550083799
0.49502179778067856
0.49501415836638296
0.49500653670174477
0.49499893272330986
0.49499134636791653
0.49498377757269385
0.4949762262750603
0.49496869241272157
0.49496117592366995
0.494953676746182
0.49494619481881735
0.49493873008041694
0.49493128247010176
0.49492385192727106
0.49491643839160104
0.4949090418030432
0.49490166210182274
0.4948942992284377
0.4948869531236566
0.4948796237285178
0.494872310984327
0.4948650148326573
0.49485773521534604
0.49485047207449484
0.4948432253524672
0.49483599499188774
0.4948287809356401
0.49482158312686647
0.4948144015089654
0.49480723602559057
0.49480008662065
0.49479295323830363
0.49478583582296326
0.4947787343192899
0.49477164867219353
0.49476457882683106
0.49475752472860524
0.49475048632316376
0.49474346355639687
0.49473645637443725
0.49472946472365825
0.49472248855067247
0.4947155278023305
0.49470858242571986
0.49470165236816377
0.4946947375772197
0.4946878380006782
0.4946809535865616
0.4946740842831232
0.49466723003884533
0.49466039080243857
0.4946535665228407
0.4946467571492153
0.4946399626309502
0.49463318291765707
0.49462641795916995
0.4946196677055434
0.49461293210705226
0.4946062111141902
0.4945995046776684
0.49459281274841443
0.4945861352775714
0.49457947221649684
0.49457282351676085
0.49456618913014583
0.4945595690086451
0.4945529631044616
0.49454637137000734
0.4945397937579013
0.4945332302209698
0.49452668071224365
0.4945201451849591
0.49451362359255485
0.4945071158886723
0.494500622027154
0.4944941419620428
0.4944876756475804
0.49448122303820685
0.4944747840885592
0.4944683587534707
0.4944619469879694
0.4944555487472779
0.4944491639868112
0.49444279266217683
0.4944364347291733
0.4944300901437891
0.49442375886220186
0.49441744084077766
0.49441113603606934
0.4944048444048161
0.49439856590394266
0.4943923004905576
0.49438604812195347
0.49437980875560444
0.4943735823491673
0.4943673688604783
0.49436116824755416
0.49435498046859006
0.4943488054819587
0.49434264324621047
0.4943364937200711
0.49433035686244187
0.4943242326323981
0.49431812098918854
0.4943120218922346
0.49430593530112904
0.4942998611756356
0.49429379947568763
0.49428775016138776
0.49428171319300696
0.49427568853098314
0.49426967613592065
0.49426367596858994
0.49425768798992614
0.494251712161028
0.49424574844315783
0.49423979679774
0.4942338571863608
0.4942279295707668
0.49422201391286463
0.49421611017472017
0.4942102183185576
0.4942043383067585
0.4941984701018611
0.4941926136665598
0.4941867689637042
0.4941809359562981
0.494175114607499
0.49416930488061733
0.49416350673911585
0.49415772014660825
0.4941519450668588
0.4941461814637821
0.4941404293014415
0.49413468854404885
0.4941289591559637
0.49412324110169226
0.4941175343458872
0.4941118388533464