2.3646252540241486
2.3644750646851342
2.36432488696579
2.3641747208657584
2.3640245663846815
2.3638744235222022
2.363724292277962
2.363574172651604
2.363424064642768
2.3632739682510984
2.3631238834762347
2.3629738103178197
2.362823748775496
2.362673698848903
2.362523660537685
2.362373633841481
2.362223618759933
2.3620736152926822
2.36192362343937
2.3617736431996375
2.361623674573125
2.3614737175594747
2.3613237721583262
2.3611738383693215
2.3610239161921
2.3608740056263025
2.3607241066715696
2.3605742193275434
2.3604243435938614
2.3602744794701653
2.3601246269560963
2.3599747860512927
2.3598249567553946
2.3596751390680435
2.359525332988878
2.359375538517538
2.3592257556536635
2.359075984396894
2.3589262247468694
2.3587764767032287
2.358626740265611
2.3584770154336563
2.3583273022070035
2.3581776005852917
2.35802791056816
2.357878232155247
2.3577285653461924
2.357578910140634
2.3574292665382117
2.357279634538563
2.3571300141413274
2.356980405346143
2.356830808152648
2.3566812225604803
2.3565316485692795
2.3563820861786824
2.3562325353883287
2.3560829961978547
2.3559334686068985
2.355783952615099
2.3556344482220934
2.3554849554275195
2.355335474231014
2.355186004632216
2.355036546630762
2.35488710022629
2.354737665418436
2.3545882422068383
2.3544388305911337
2.3542894305709594
2.3541400421459517
2.3539906653157487
2.353841300079986
2.3536919464383
2.35354260439033
2.353393273935709
2.353243955074076
2.353094647805066
2.352945352128317
2.3527960680434625
2.352646795550141
2.352497534647988
2.3523482853366393
2.3521990476157306
2.352049821484898
2.3519006069437776
2.3517514039920044
2.351602212629214
2.3514530328550425
2.351303864669125
2.3511547080710966
2.3510055630605935
2.3508564296372496
2.350707307800701
2.350558197550582
2.3504090988865287
2.3502600118081745
2.350110936315156
2.349961872407106
2.34981282008366