0.74
0.7
0.8
0.87
0.85
0.89
0.83
0.83
0.8
0.79
0.81
0.91
0.86
0.91
0.84
0.81
0.81
0.87
0.83
0.92
0.87
0.91
0.84
0.84
0.83
0.91
0.85
0.92
0.87
0.89
0.84
0.87
0.84
0.92
0.88
0.94
0.87
0.87
0.84
0.87
0.84
0.95
0.91
0.95
0.9
0.88
0.84
0.89
0.84
0.95
0.92
0.95
0.92
0.89
0.84
0.89
0.85
0.95
0.92
0.96
0.92
0.9
0.84
0.9
0.86
0.95
0.92
0.96
0.91
0.9
0.84
0.92
0.88
0.95
0.93
0.96
0.9
0.9
0.84
0.94
0.92
0.95
0.93
0.96
0.89
0.9
0.85
0.95
0.93
0.95
0.94
0.96
0.88
0.9
0.85
0.95
0.93
0.96
0.94
0.95
0.88
0.9
0.86
0.95
0.93
0.96
0.94
0.95
0.88
0.9
0.87
0.95
0.93
0.96
0.94
0.96
0.89
0.92
0.88
0.95
0.94
0.96
0.94
0.97
0.9
0.92
0.89
0.95
0.94
0.96
0.94
0.97
0.9
0.94
0.89
0.96
0.94
0.96
0.94
0.97
0.92
0.94
0.9
0.96
0.94
0.97
0.94
0.97
0.92
0.95
0.92
0.96
0.94
0.97
0.94
0.97
0.93
0.97
0.93
0.96
0.94
0.97
0.94
0.97
0.93
0.97
0.93
0.96
0.94
0.97
0.94
0.97
0.93
0.97
0.93
0.96
0.94
0.97
0.93
0.97
0.93
0.97
0.93
0.97
0.93
0.97
0.93
0.97
0.93
0.97
0.93
0.97
0.93
0.97
0.93
0.97
0.93
0.97
0.93
0.97
0.93
0.97
0.93
0.97
0.93
0.97
0.93
0.97
0.93
0.97
0.93
0.97
0.93
0.97
0.93
0.97
0.93
0.97
0.93
0.97
0.93
0.97
0.93
0.97
0.94
0.97
0.93
0.97
0.93
0.97
0.93
0.97
0.94
0.97
0.93
0.97
0.93
0.97
0.93
0.97
0.93
0.97
0.93
0.97
0.93
0.97
0.93
0.97
0.93
0.97