1.1895578429331652
0.7713641883022414
0.8967866763712221
1.0098890010104555
0.9709527937950334
0.8642443132670263
0.8050731281396716
0.8118174833800145
0.8351083006001069
0.8320724942875684
0.7949575125115899
0.7364630950002247
0.6804935694174992
0.6526260226300226
0.6586132218769908
0.6759257590299289
0.675660507095264
0.648572637861168
0.6090567720520271
0.5754359465209834
0.5499788575003633
0.527546974248532
0.5166141494705123
0.5291046941044726
0.5558937532782982
0.5727331546740282
0.5641014885858223
0.5362262655409362
0.5115576672154996
0.5063321101794152
0.5131655190122799
0.5166707126333532
0.5151035228068191
0.5138543440970591
0.5127052369704497
0.5089023054573816
0.5041540775552656
0.5028063586590512
0.5057855346076948
0.5092787014421114
0.5090456312675632
0.5046324442752282
0.4992376195078078
0.4960449177309356
0.49535753197776083
0.49564315210733906
0.4962528295922091
0.4974814169379219
0.4985377283692053
0.4978784965066806
0.4957283632674777
0.49404697642667533
0.493904100953894
0.4945242802092278
0.4947399187256129
0.4942675557811864
0.4935614123064362
0.49305113726660654
0.49279449449272167
0.4926920579017325
0.4927415931321501
0.4929550936833201
0.49315844543614584
0.4930746988125535
0.4926355207813044
0.49209697540119185
0.4917871630843904
0.49179193031488116
0.49193542295790527
0.4920171469761534
0.4919869052264146
0.49189912747221537
0.49179192804960176
0.49166971130528214
0.49156134710470406
0.4915182389378202
0.4915413398658847
0.4915588909320499
0.4915052867936321
0.4913966910327714
0.49130469360033907
0.4912733673094686
0.49128554692671605
0.4912995252328414
0.4912929993042514
0.4912673228327403
0.4912279971570024
0.4911774244547207
0.4911241243366613
0.491085028639344
0.491070688757456
0.4910721651838877
0.49106895928241495
0.4910495514187235
0.49102014340984607
0.4909937792766706
0.4909759456840606
0.49096279110994767
0.4909491725722056
0.49093372292488036
0.49091678874909733
0.490897795161706
0.49087679183019944
0.49085669260592896
0.4908413930880418
0.4908314632128058
0.49082310521082073
0.49081190814166453
0.4907968476971701
0.490780196363829
0.4907644299639869
0.49075021417068654
0.49073703872448615
0.49072453506921804
0.4907125669044312
0.49070064128721835
0.49068808378402773
0.4906748925234371
0.49066193422585236
0.49065002877717384
0.4906390426329579
0.4906280964169896
0.4906165347846932
0.49060446590112006
0.49059241253680497
0.49058071866618497
0.49056940816582967
0.49055841635704744
0.4905477099218351
0.4905371773334055
0.4905265897572722
0.49051579072849305
0.4905048782137352
0.4904941150519193
0.4904836618478899
0.4904734477922439
0.49046329842825725
0.4904531270959802
0.49044297295086897
0.49043290210093865
0.4904229348186189
0.4904130668184557
0.4904033061325098
0.4903936552825782
0.4903840780132451
0.4903745193028245
0.4903649637152358
0.4903554556399667
0.49034605361675204
0.4903367747552252
0.4903275904016451
0.49031846522284156
0.4903093867004502
0.4903003595885139
0.4902913881708939
0.49028247349092213
0.49027362107515104
0.4902648396324235
0.49025612975117877
0.4902474799579657
0.49023887791188314
0.490230323176272
0.4902218259885904
0.49021339486421933
0.49020502850789316
0.4901967194729983
0.4901884621071127
0.4901802550792606
0.49017209853857835
0.4901639922472051
0.49015593691125714
0.49014793495854836
0.4901399881916279
0.4901320951173566
0.49012425176037794
0.49011645517522334
0.49010870547076146
0.49010100437402115
0.4900933526412188
0.4900857493392128
0.49007819306127737
0.49007068297352757
0.4900632186183487
0.4900557994006019
0.49004842476999994
0.49004109469021
0.49003380944730107
0.49002656887905355
0.4900193720216589
0.49001221764702846
0.4900051050264408
0.48999803406468045
0.4899910048145398
0.4899840170537775
0.4899770703203339
0.48997016414803496
0.4899632981233478
0.48995647178465385
0.48994968462418714
0.4899429362352997
0.48993622638282514
0.4899295548686279
0.48992292135241555
0.4899163253469022
0.48990976637510586
0.4899032440895266
0.48989675823686935
0.48989030855283405
0.48988389472049165
0.48987751640422517
0.4898711732775484
0.48986486500757787
0.48985859124172987
0.4898523516357845
0.4898461458915883
0.4898399737513237
0.4898338349521437
0.48982772919531753
0.4898216561611963
0.48981561554373876
0.4898096070630011
0.48980363045056224
0.4897976854346164
0.4897917717412858
0.4897858891016496
0.4897800372500783
0.48977421591768666
0.4897684248337886
0.48976266373586785
0.4897569323752633
0.48975123051097313
0.4897455578992267
0.4897399142906359
0.4897342994360635
0.4897287130925541
0.48972315502336083
0.4897176249948209
0.48971212277530146
0.4897066481364432
0.489701200853299
0.4896957807024078
0.4896903874605983
0.48968502090651556
0.4896796808230546
0.4896743669976663
0.4896690792203578
0.4896638172819296
0.4896585809742175
0.48965337009143345
0.4896481844307886
0.4896430237920698
0.48963788797720054
0.4896327767903818
0.4896276900382734
0.4896226275296356
0.4896175890747756
0.4896125744855256
0.4896075835757895
0.48960261616197226
0.4895976720628075
0.4895927510988766
0.4895878530923742
0.48958297786725125
0.4895781252493973
0.48957329506661357
0.48956848714849327
0.48956370132640753
0.4895589374335696
0.48955419530500577
0.48954947477740374
0.48954477568900057
0.4895400978796286
0.48953544119083203
0.48953080546589606
0.48952619054975466
0.4895215962888866
0.4895170225312863
0.4895124691264834
0.4895079359255383
0.48950342278100845
0.4894989295469221
0.48949445607878417
0.48949000223357564
0.4894855678697167
0.4894811528470158
0.4894767570266432
0.4894723802711379
0.48946802244441423
0.4894636834117445
0.4894593630397239
0.48945506119624416
0.4894507777504815
0.4894465125728863
0.4894422655351656
0.4894380365102646
0.489433825372354
0.48942963199682354
0.489425456260267
0.4894212980404598
0.48941715721633944
0.4894130336679907
0.48940892727663965
0.48940483792464046
0.4894007654954621
0.4893967098736709
0.48939267094491773
0.48938864859592546
0.48938464271447696
0.4893806531894006
0.4893766799105585
0.48937272276883487
0.48936878165612563
0.48936485646532635
0.4893609470903176
0.48935705342595354
0.4893531753680504
0.4893493128133773
0.48934546565964465
0.48934163380549267
0.48933781715048086
0.4893340155950775
0.4893302290406486
0.489326457389448
0.4893227005446065
0.48931895841012235
0.4893152308908514
0.4893115178924975
0.48930781932160283
0.48930413508553794
0.4893004650924924
0.48929680925146557
0.4892931674722577
0.4892895396654611
0.48928592574245117
0.48928232561537716
0.48927873919715437
0.48927516640145474
0.489271607142699
0.48926806133604833
0.48926452889739575
0.4892610097433586
0.4892575037912706
0.4892540109591735
0.4892505311658098
0.48924706433061493
0.4892436103737094
0.4892401692158921
0.4892367407786319
0.48923332498406163
0.4892299217549698
0.4892265310147947
0.4892231526876161
0.4892197866981495
0.4892164329717386
0.48921309143434905
0.4892097620125617
0.4892064446335662
0.4892031392251542
0.48919984571571334
0.4891965640342209
0.4891932941102373
0.4891900358739006
0.4891867892559199
0.4891835541875696
0.48918033060068344
0.48917711842764894
0.4891739176014013
0.48917072805541784
0.4891675497237126
0.48916438254083067
0.4891612264418425
0.4891580813623393
0.48915494723842645
0.48915182400671964
0.48914871160433854
0.48914560996890244
0.48914251903852474
0.4891394387518081
0.48913636904783964
0.48913330986618575
0.4891302611468876
0.4891272228304564
0.4891241948578681
0.48912117717055953
0.4891181697104234
0.489115172419804
0.4891121852414921
0.48910920811872144
0.4891062409951637
0.4891032838149247
0.48910033652253937
0.48909739906296845
0.48909447138159357
0.4890915534242136
0.48908864513704053
0.489085746466695
0.4890828573602032
0.4890799777649918
0.4890771076288854
0.48907424690010165
0.4890713955272479
0.48906855345931727
0.4890657206456852
0.48906289703610556
0.4890600825807073
0.48905727722999076
0.48905448093482395
0.4890516936464392
0.48904891531642997
0.48904614589674666
0.48904338533969477
0.4890406335979296
0.4890378906244545
0.48903515637261696
0.4890324307961054
0.48902971384894633
0.4890270054855005
0.48902430566046085
0.4890216143288485
0.48901893144601005
0.4890162569676145
0.4890135908496509
0.48901093304842425
0.4890082835205535
0.48900564222296844
0.48900300911290673
0.48900038414791114
0.4889977672858269
0.48899515848479896
0.48899255770326905
0.488989964899973
0.48898738003393855
0.48898480306448233
0.48898223395120693
0.4889796726539991
0.4889771191330267
0.48897457334873645
0.488972035261851
0.48896950483336715
0.48896698202455285
0.48896446679694483
0.48896195911234663
0.488959458932826
0.4889569662207124
0.4889544809385949
0.48895200304932
0.4889495325159891
0.4889470693019564
0.48894461337082673
0.4889421646864533
0.48893972321293566
0.48893728891461746
0.48893486175608414
0.4889324417021613
0.48893002871791236
0.4889276227686364
0.4889252238198662
0.4889228318373664
0.48892044678713154
0.48891806863538373
0.488915697348571
0.48891333289336536
0.4889109752366608
0.48890862434557164
0.48890628018743004
0.48890394272978505
0.48890161194040005
0.4888992877872515
0.48889697023852646
0.4888946592626215
0.48889235482814075
0.488890056903894
0.48888776545889473
0.4888854804623593
0.4888832018837045
0.48888092969254615
0.4888786638586972
0.48887640435216634
0.4888741511431568
0.48887190420206367
0.4888696634994735
0.48886742900616165
0.4888652006930917
0.48886297853141325
0.4888607624924608
0.4888585525477519
0.48885634866898586
0.4888541508280424
0.4888519589969798
0.4888497731480338
0.4888475932536162
0.488845419286313
0.48884325121888383
0.48884108902425927
0.48883893267554085
0.4888367821459985
0.48883463740907046
0.4888324984383606
0.48883036520763806
0.48882823769083555
0.48882611586204827
0.4888239996955321
0.4888218891657029
0.4888197842471353
0.48881768491456073
0.48881559114286705
0.4888135029070966
0.4888114201824455
0.48880934294426237
0.4888072711680465
0.4888052048294479
0.4888031439042649
0.4888010883684439
0.48879903819807746
0.48879699336940396
0.48879495385880545
0.48879291964280797
0.48879089069807885
0.4887888670014272
0.4887868485298011
0.4887848352602882
0.48878282717011334
0.4887808242366386
0.48877882643736126
0.48877683374991365
0.48877484615206107
0.4887728636217022
0.48877088613686664
0.48876891367571496
0.4887669462165371
0.48876498373775185
0.48876302621790546
0.4887610736356709
0.48875912596984683
0.48875718319935696
0.48875524530324865
0.4887533122606922
0.4887513840509801
0.4887494606535257
0.48874754204786264
0.48874562821364426
0.48874371913064174
0.48874181477874423
0.48873991513795745
0.48873802018840284
0.4887361299103172
0.48873424428405093
0.48873236329006803
0.48873048690894516
0.4887286151213702
0.48872674790814224
0.4887248852501702
0.48872302712847215
0.4887211735241748
0.4887193244185124
0.48871747979282604
0.4887156396285629
0.48871380390727553
0.48871197261062116
0.4887101457203606
0.4887083232183576
0.48870650508657876
0.48870469130709193
0.48870288186206584
0.4887010767337695
0.4886992759045711
0.4886974793569378
0.48869568707343475
0.4886938990367242
0.48869211522956546
0.48869033563481346
0.4886885602354184
0.48868678901442547
0.4886850219549731
0.4886832590402937
0.48868150025371204
0.48867974557864463
0.48867799499859976
0.48867624849717606
0.48867450605806234
0.48867276766503676
0.4886710333019666
0.48866930295280686
0.4886675766016005
0.4886658542324773
0.4886641358296534
0.4886624213774308
0.4886607108601966
0.48865900426242254
0.4886573015686645
0.4886556027635613
0.48865390783183543
0.488652216758291
0.4886505295278143
0.48864884612537257
0.4886471665360136
0.4886454907448655
0.48864381873713586
0.4886421504981112
0.48864048601315646
0.48863882526771457
0.4886371682473061
0.4886355149375278
0.48863386532405373
0.4886322193926331
0.48863057712909097
0.4886289385193267
0.4886273035493142
0.4886256722051016
0.4886240444728098
0.48862242033863307
0.48862079978883766
0.4886191828097618
0.48861756938781525
0.48861595950947895
0.4886143531613035
0.48861275032991053
0.4886111510019905
0.4886095551643033
0.48860796280367724
0.48860637390700906
0.48860478846126293
0.4886032064534707
0.48860162787073075
0.48860005270020795
0.4885984809291332
0.48859691254480303
0.488595347534579
0.4885937858858873
0.48859222758621856
0.4885906726231274
0.4885891209842313
0.48858757265721153
0.48858602762981157
0.48858448588983727
0.4885829474251561
0.48858141222369744
0.48857988027345123
0.4885783515624683
0.48857682607885977
0.4885753038107965
0.4885737847465091
0.4885722688742869
0.4885707561824782
0.4885692466594898
0.4885677402937864
0.48856623707389024
0.48856473698838093
0.48856324002589496
0.4885617461751253
0.4885602554248213
0.4885587677637879
0.48855728318088576
0.4885558016650305
0.4885543232051927
0.48855284779039726
0.48855137540972327
0.4885499060523034
0.48854843970732414
0.4885469763640247
0.48854551601169743
0.4885440586396867
0.48854260423738943
0.488541152794254
0.48853970429978044
0.4885382587435201
0.48853681611507466
0.488535376404097
0.4885339396002898
0.4885325056934056
0.4885310746732469
0.48852964652966535
0.4885282212525613
0.4885267988318842
0.4885253792576319
0.48852396251985014
0.48852254860863253
0.48852113751412035
0.48851972922650183
0.48851832373601256
0.48851692103293465
0.48851552110759633
0.48851412395037236
0.4885127295516829
0.48851133790199414
0.4885099489918171
0.4885085628117081
0.48850717935226806
0.4885057986041424
0.48850442055802085
0.488503045204637
0.48850167253476795
0.4885003025392345
0.48849893520890053
0.4884975705346727
0.48849620850750053
0.4884948491183755
0.4884934923583319
0.4884921382184453
0.4884907866898333
0.4884894377636548
0.4884880914311097
0.48848674768343914
0.48848540651192457
0.4884840679078881
0.4884827318626921
0.48848139836773874
0.48848006741446987
0.4884787389943671
0.48847741309895104
0.48847608971978157
0.4884747688484572
0.488473450476615
0.4884721345959308
0.4884708211981179
0.4884695102749281
0.48846820181815065
0.4884668958196124
0.4884655922711772
0.4884642911647463
0.48846299249225755
0.4884616962456857
0.48846040241704136
0.4884591109983721
0.48845782198176074
0.48845653535932654
0.48845525112322397
0.488453969265643
0.48845268977880874
0.4884514126549814
0.48845013788645575
0.4884488654655614
0.4884475953846622
0.4884463276361564
0.4884450622124758
0.48844379910608654
0.48844253830948814
0.4884412798152135
0.48844002361582894
0.48843876970393346
0.4884375180721595
0.48843626871317186
0.48843502161966773
0.48843377678437677
0.48843253420006083
0.4884312938595137
0.4884300557555609
0.4884288198810596
0.4884275862288983
0.488426354791997
0.48842512556330636
0.4884238985358085
0.48842267370251574
0.4884214510564714
0.48842023059074896
0.4884190122984522
0.4884177961727149
0.48841658220670087
0.4884153703936036
0.4884141607266461
0.48841295319908085
0.4884117478041895
0.488410544535283
0.48840934338570097
0.4884081443488119
0.48840694741801294
0.4884057525867297
0.4884045598484161
0.4884033691965541
0.4884021806246537
0.488400994126253
0.4883998096949173
0.4883986273242399
0.48839744700784127
0.4883962687393692
0.4883950925124986
0.4883939183209311
0.4883927461583956
0.4883915760186473
0.48839040789546806
0.48838924178266613
0.4883880776740759
0.4883869155635579
0.4883857554449988
0.4883845973123108
0.48838344115943205
0.488382286980326
0.4883811347689816
0.4883799845194133
0.4883788362256603
0.4883776898817873
0.48837654548188336
0.48837540302006255
0.48837426249046373
0.48837312388724974
0.4883719872046083
0.488370852436751
0.48836971957791375
0.4883685886223563
0.48836745956436234
0.4883663323982393
0.48836520711831793
0.488364083718953
0.4883629621945221
0.48836184253942627
0.4883607247480897
0.4883596088149595
0.4883584947345057
0.488357382501221
0.48835627210962085
0.4883551635542431
0.48835405682964805
0.4883529519304182
0.4883518488511585
0.48835074758649566
0.4883496481310784
0.48834855047957726
0.48834745462668455
0.4883463605671142
0.48834526829560154
0.4883441778069034
0.4883430890957977
0.48834200215708373
0.4883409169855818
0.48833983357613286
0.48833875192359916
0.48833767202286343
0.48833659386882905
0.48833551745641995
0.4883344427805805
0.4883333698362754
0.48833229861848937
0.48833122912222754
0.4883301613425149
0.4883290952743963
0.4883280309129364
0.48832696825321975
0.4883259072903503
0.48832484801945153
0.48832379043566654
0.4883227345341575
0.48832168031010587
0.48832062775871227
0.48831957687519634
0.4883185276547966
0.4883174800927705
0.4883164341843941
0.4883153899249622
0.4883143473097882
0.4883133063342038
0.48831226699355923
0.4883112292832229
0.48831019319858154
0.48830915873503977
0.48830812588802036
0.48830709465296407
0.48830606502532936
0.48830503700059236
0.4883040105742471
0.488302985741805
0.48830196249879504
0.4883009408407636
0.48829992076327416
0.48829890226190786
0.48829788533226265
0.4882968699699536
0.48829585617061266
0.488294843929889
0.48829383324344827
0.488292824106973
0.4882918165161623
0.488290810466732
0.4882898059544142
0.48828880297495747
0.48828780152412676
0.48828680159770327
0.4882858031914844
0.4882848063012835
0.48828381092293005
0.48828281705226945
0.48828182468516285
0.4882808338174874
0.4882798444451357
0.4882788565640162
0.4882778701700528
0.48827688525918483
0.4882759018273672
0.48827491987057
0.48827393938477853
0.4882729603659935
0.4882719828102306
0.4882710067135204
0.4882700320719088
0.48826905888145633
0.48826808713823844
0.48826711683834534
0.4882661479778818
0.48826518055296747
0.48826421455973634
0.4882632499943369
0.48826228685293216
0.4882613251316994
0.48826036482683016
0.48825940593453016
0.4882584484510194
0.4882574923725318
0.4882565376953154
0.4882555844156322
0.4882546325297579
0.4882536820339823
0.4882527329246086
0.488251785197954
0.4882508388503491
0.4882498938781382
0.488248950277679
0.4882480080453428
0.488247067177514
0.4882461276705905
0.4882451895209834
0.4882442527251169
0.4882433172794285
0.4882423831803686
0.48824145042440076
0.4882405190080012
0.48823958892765934
0.48823866017987727
0.48823773276116983
0.48823680666806457
0.4882358818971017
0.48823495844483417
0.4882340363078271
0.4882331154826584
0.4882321959659183
0.4882312777542094
0.48823036084414645
0.48822944523235673
0.48822853091547946
0.48822761789016617
0.4882267061530803
0.48822579570089736
0.48822488653030505
0.48822397863800265
0.48822307202070153
0.48822216667512475
0.4882212625980072
0.4882203597860954
0.48821945823614754
0.4882185579449335
0.4882176589092345
0.4882167611258435
0.4882158645915647
0.4882149693032137
0.48821407525761756
0.4882131824516146
0.4882122908820542
0.4882114005457971
0.4882105114397152
0.4882096235606913
0.48820873690561944
0.48820785147140455
0.4882069672549623
0.4882060842532197
0.4882052024631143
0.48820432188159424
0.4882034425056189
0.488202564332158
0.488201687358192
0.48820081158071205
0.4881999369967196
0.48819906360322696
0.4881981913972565
0.4881973203758414
0.48819645053602495
0.48819558187486084
0.48819471438941303
0.4881938480767557
0.4881929829339733
0.4881921189581602
0.48819125614642117
0.4881903944958708
0.4881895340036338
0.4881886746668448
0.4881878164826483
0.48818695944819884
0.4881861035606606
0.4881852488172077
0.488184395215024
0.48818354275130293
0.4881826914232477
0.4881818412280711
0.4881809921629956
0.488180144225253
0.4881792974120848
0.4881784517207419
0.4881776071484845
0.4881767636925824
0.48817592135031446
0.48817508011896904
0.4881742399958437
0.4881734009782452