1.5504075068160765
1.545201508812569
1.5400423419730238
1.5349294427505151
1.5298622534698185
1.5248402223546886
1.5198628035509578
1.5149294571455836
1.5100396491817514
1.505192851670155
1.5003885425965602
1.4956262059257937
1.4909053316022436
1.4862254155470165
1.4815859596518526
1.476986471769928
1.4724264657036532
1.467905461189585
1.4634229838805743
1.4589785653252563
1.4545717429450011
1.4502020600084347
1.445869065603641
1.4415723146081543
1.4373113676568485
1.4330857911078292
1.4288951570064292
1.4247390430474123
1.4206170325354834
1.4165287143441965
1.4124736828733633
1.408451538005051
1.4044618850582573
1.40050433474235
1.3965785031093643
1.3926840115052281
1.3888204865200053
1.384987559937232
1.3811848686824155
1.3774120547707822
1.3736687652543267
1.3699546521682509
1.366269372476838
1.3626125880188409
1.358983965452439
1.3553831761998174
1.351809896391437
1.3482638068100383
1.3447445928344357
1.3412519443831497
1.337785555857929
1.334345126087201
1.3309303582695002
1.327540959916911
1.3241766427985682
1.3208371228842504
1.3175221202881
1.3142313592125112
1.310964567892205
1.3077214785385345
1.3045018272840432
1.3013053541273
1.2981318028780457
1.2949809211026628
1.2918524600700012
1.2887461746975786
1.285661823498169
1.282599168526807
1.2795579753282176
1.2765380128846897
1.2735390535644147
1.2705608730702875
1.2676032503892007
1.2646659677418335
1.2617488105329437
1.2588515673021812
1.2559740296754256
1.2531159923166524
1.2502772528803445
1.247457611964446
1.2446568730638692
1.2418748425245538
1.239111329498092
1.23636614589691
1.2336391063500174
1.230930028159328
1.2282387312565415
1.225565038160604
1.2229087739357316
1.2202697661500088
1.2176478448345562
1.2150428424432638
1.2124545938130973
1.2098829361249654
1.2073277088651515
1.204788753787311
1.2022659148750214
1.199759038304892
1.1972679724102235
1.1947925676452185