2.625185388360575
2.414467572235715
2.149408776583537
1.8675704785509608
1.6001665120464577
1.368076736291621
1.181438791410639
1.0404379093960987
0.9373733023342965
0.8617198670516372
0.8046782537526578
0.7602543333295232
0.7245795711509895
0.6951810708036019
0.6705066473112761
0.649618666435677
0.6319784773805789
0.6172789958256901
0.6053107961420668
0.5958641393214457
0.5886718314344638
0.5833918001752652
0.5796214542329289
0.5769318838369748
0.5749093297761586
0.5731933238270353
0.5715043190483009
0.569657388814827
0.5675618893102644
0.5652094197874988
0.5626538431047954
0.5599876098841369
0.5573183408495919
0.5547487949133447
0.5523622304246449
0.550213982990252
0.5483290253457358
0.5467044756047572
0.5453155460035733
0.5441232763121288
0.543082523466363
0.5421489986035142
0.5412845613416231
0.5404604139318955
0.5396582197879696
0.5388694609951182
0.538093529859046
0.5373351212878337
0.5366014702953181
0.5358998851542681
0.5352358887359021
0.5346121256195376
0.534028045045371
0.5334802488713165
0.5329633117668787
0.5324708429701057
0.5319965631150633
0.5315352082328639
0.5310831344850695
0.5306385682697322
0.5302015143342194
0.5297733891233815
0.5293564811699709
0.5289533525259283
0.528566286697939
0.5281968641107939
0.5278457124676208
0.5275124436293628
0.5271957570583363
0.5268936669318449
0.5266037979576692
0.5263236937251409
0.5260510893149035
0.5257841139265982
0.5255214060889113
0.525262140417574
0.5250059783890796
0.524752964647973
0.5245033944100087
0.5242576768963454
0.5240162154299177
0.5237793182157692
0.5235471463758897
0.5233196988271154
0.5230968280634397
0.5228782774008525
0.5226637289078332
0.5224528518560575
0.5222453436010477
0.5220409577240405
0.521839517405625
0.5216409148202458
0.5214450994576156
0.5212520594983627
0.5210618006832598
0.5208743266511784
0.5206896237097599
0.5205076517145723
0.5203283414269646
0.5201515976084959
0.5199773063289315
0.5198053445740115
0.5196355902244104
0.5194679307683424
0.5193022696030327
0.5191385293595421
0.5189766522448976
0.518816597852387
0.518658339194136
0.5185018578420117
0.5183471390354422
0.5181941674620065
0.5180429241854727
0.5178933849362637
0.5177455197360386
0.5175992936350764
0.5174546682182933
0.5173116034883848
0.5171700597555906
0.5170299992366827
0.5168913871698171
0.5167541923650649
0.5166183872136305
0.5164839472581358
0.5163508504743233
0.5162190764298313
0.5160886054723489
0.5159594180650703
0.5158314943413991
0.5157048139026211
0.5155793558397208
0.5154550989291287
0.5153320219346793
0.5152101039444559
0.5150893246793857
0.5149696647268976
0.5148511056735241
0.5147336301310521
0.5146172216684796
0.5145018646744486
0.5143875441811103
0.5142742456807003
0.5141619549615579
0.5140506579825214
0.5139403407953933
0.51383098951618
0.5137225903383978
0.5136151295767416
0.5135085937271473
0.5134029695295486
0.5132982440219466
0.5131944045779999
0.5130914389244282
0.5129893351383944
0.5128880816281107
0.5127876671019123
0.5126880805318428
0.5125893111175128
0.5124913482548716
0.5123941815129175
0.512297800619594
0.5122021954564887
0.5121073560606926
0.5120132726314067
0.5119199355386322
0.5118273353314815
0.5117354627441952
0.5116443086986775
0.5115538643031445
0.511464120847164
0.5113750697938885
0.5112867027705759
0.5111990115585648
0.5111119880837532
0.5110256244083728
0.5109399127245221
0.5108548453495809
0.5107704147233453
0.5106866134065
0.5106034340799402
0.5105208695444325
0.5104389127201698
0.5103575566458909
0.5102767944773823
0.5101966194853244
0.5101170250525611
0.5100380046709645
0.5099595519381006
0.509881660553909
0.5098043243175718
0.5097275371246998
0.5096512929648933
0.5095755859196813
0.5095004101607838
0.5094257599486196
0.5093516296309577
0.5092780136416202
0.5092049064991567
0.5091323028054398
0.5090601972441544
0.5089885845791868
0.5089174596529336
0.5088468173845684
0.50877665276831
0.5087069608717284
0.5086377368341234
0.508568975864994
0.5085006732426086
0.5084328243126699
0.5083654244870643
0.5082984692426767
0.5082319541202525
0.5081658747232859
0.508100226716925
0.5080350058268779
0.5079702078383209
0.5079058285948076
0.5078418639971818
0.5077783100025054
0.5077151626230005
0.5076524179250232
0.5075900720280613
0.507528121103769
0.5074665613750331
0.5074053891150702
0.5073446006465527
0.5072841923407596
0.5072241606167457
0.5071645019405304
0.5071052128242983
0.5070462898256143
0.5069877295466476
0.5069295286334119
0.5068716837750136
0.5068141917029172
0.5067570491902247
0.5067002530509703
0.5066438001394323
0.5065876873494606
0.5065319116138216
0.506476469903558
0.5064213592273632
0.5063665766309704
0.5063121191965522
0.5062579840421348
0.5062041683210221
0.5061506692212302
0.506097483964932
0.5060446098079147
0.5059920440390432
0.5059397839797385
0.505887826983462
0.505836170435214
0.5057848117510393
0.5057337483775445
0.5056829777914248
0.505632497499
0.5055823050357598
0.5055323979659186
0.5054827738819769
0.5054334304042932
0.5053843651806628
0.5053355758859042
0.505287060221453
0.5052388159149647
0.5051908407199219
0.5051431324152525
0.5050956888049514
0.5050485077177118
0.5050015870065617
0.5049549245485087
0.5049085182441893
0.5048623660175262
0.5048164658153923
0.5047708156072787
0.5047254133849699
0.5046802571622263
0.504635344974469
0.5045906748784729
0.5045462449520641
0.5045020532938228
0.5044580980227917
0.5044143772781886
0.5043708892191253
0.5043276320243302
0.5042846038918769
0.5042418030389163
0.5041992277014143
0.5041568761338935
0.5041147466091791
0.5040728374181503
0.5040311468694938
0.5039896732894644
0.5039484150216464
0.5039073704267215
0.5038665378822396
0.5038259157823927
0.5037855025377946
0.5037452965752619
0.5037052963376003
0.5036655002833935
0.503625906886796
0.5035865146373288
0.5035473220396803
0.5035083276135066
0.5034695298932391
0.503430927427893
0.5033925187808795
0.5033543025298204
0.5033162772663669
0.5032784415960194
0.5032407941379531
0.5032033335248423
0.5031660584026916
0.5031289674306669
0.5030920592809305
0.5030553326384777
0.5030187862009774
0.5029824186786136
0.5029462287939303
0.5029102152816787
0.5028743768886669
0.5028387123736109
0.5028032205069892
0.5027679000708989
0.5027327498589138
0.5026977686759457
0.5026629553381063
0.5026283086725722
0.5025938275174519
0.5025595107216538
0.5025253571447588
0.5024913656568899
0.5024575351385899
0.5024238644806958
0.5023903525842172
0.5023569983602171
0.5023238007296931
0.5022907586234613
0.5022578709820406
0.5022251367555405
0.5021925549035493
0.5021601243950239
0.5021278442081819
0.5020957133303947
0.502063730758082
0.5020318954966086
0.5020002065601816
0.5019686629717501
0.5019372637629053
0.501906007973783
0.501874894652967
0.5018439228573934
0.501813091652257
0.5017824001109186
0.5017518473148141
0.5017214323533642
0.5016911543238849
0.5016610123315011
0.50163100548906
0.501601132917045
0.5015713937434927
0.5015417871039095
0.5015123121411902
0.5014829680055372
0.5014537538543806
0.5014246688523007
0.5013957121709495
0.5013668829889751
0.5013381804919458
0.5013096038722762
0.5012811523291539
0.5012528250684665
0.5012246213027307
0.501196540251022
0.5011685811389044
0.5011407431983625
0.5011130256677336
0.5010854277916406
0.5010579488209259
0.5010305880125869
0.5010033446297113
0.5009762179414138
0.5009492072227731
0.5009223117547708
0.5008955308242293
0.5008688637237529
0.5008423097516672
0.500815868211961
0.5007895384142278
0.5007633196736092
0.500737211310738
0.5007112126516824
0.5006853230278909
0.5006595417761379
0.5006338682384701
0.5006083017621534
0.5005828416996201
0.500557487408418
0.5005322382511579
0.5005070935954651
0.5004820528139275
0.5004571152840477
0.5004322803881935
0.500407547513551
0.5003829160520756
0.5003583854004467
0.50033395496002
0.5003096241367825
0.5002853923413071
0.5002612589887082
0.5002372234985969
0.5002132852950386
0.5001894438065085
0.5001656984658499
0.5001420487102324
0.500118493981109
0.5000950337241767
0.5000716673893352
0.5000483944306462
0.5000252143062951
0.5000021264785502
0.4999791304137258
0.4999562255821424
0.49993341145808956
0.49991068751978884
0.49988805324935615
0.499865508132766
0.49984305165981463
0.49982068332408486
0.4997984026229109
0.499776209057343
0.4997541021321134
0.4997320813556022
0.4997101462398036
0.4996882963002926
0.49966653105619196
0.4996448500301402
0.4996232527482586
0.49960173874012026
0.4995803075387175
0.4995589586804322
0.49953769170500384
0.4995165061554995
0.499495401578284
0.49947437752298973
0.49945343354248756
0.4994325691928576
0.49941178403336084
0.49939107762640955
0.49937044953754034
0.49934989933538615
0.499329426591648
0.49930903088106854
0.4992887117814046
0.4992684688734006
0.49924830174076307
0.49922820997013284
0.4992081931510611
0.49918825087598234
0.49916838274019054
0.49914858834181286
0.49912886728178624
0.49910921916383144
0.4990896435944307
0.4990701401828019
0.4990507085408765
0.4990313482832751
0.49901205902728485
0.4989928403928363
0.49897369200248054
0.4989546134813671
0.4989356044572214
0.49891666456032313
0.4988977934234844
0.498878990682028
0.4988602559737661
0.4988415889389796
0.49882298922039675
0.4988044564631729
0.49878599031486986
0.4987675904254356
0.49874925644718426
0.4987309880347769
0.49871278484520104
0.4986946465377516
0.49867657277401195
0.49865856321783447
0.49864061753532196
0.4986227353948089
0.49860491646684335
0.4985871604241679
0.4985694669417026
0.4985518356965263
0.49853426636785925
0.49851675863704525
0.49849931218753507
0.4984819267048683
0.49846460187665687
0.49844733739256797
0.49843013294430777
0.49841298822560404
0.4983959029321912
0.4983788767617923
0.49836190941410485
0.4983450005907833
0.49832814999542435
0.49831135733355125
0.4982946223125979
0.49827794464189423
0.49826132403265017
0.49824476019794184
0.4982282528526957
0.4982118017136743
0.49819540649946203
0.4981790669304498
0.498162782728822
0.49814655361854104
0.4981303793253346
0.49811425957668093
0.4980981941017953
0.49808218263161647
0.49806622489879343
0.4980503206376715
0.49803446958428
0.4980186714763178
0.4980029260531417
0.49798723305575293
0.4979715922267845
0.49795600331048856
0.49794046605272385
0.4979249802009435
0.49790954550418304
0.49789416171304696
0.4978788285796988
0.4978635458578471
0.497848313302735
0.497833130671128
0.49781799772130225
0.4978029142130333
0.4977878799075848
0.4977728945676969
0.4977579579575753
0.49774306984288014
0.4977282299907149
0.4977134381696157
0.49769869414954043
0.4976839977018581
0.49766934859933837
0.4976547466161406
0.497640191527804
0.4976256831112372
0.49761122114470807
0.49759680540783324
0.4975824356815685
0.4975681117481986
0.4975538333913276
0.49753960039586903
0.49752541254803634
0.49751126963533293
0.49749717144654326
0.4974831177717227
0.49746910840218883
0.4974551431305119
0.49744122175050576
0.49742734405721867
0.49741350984692423
0.49739971891711265
0.497385971066482
0.497372266094929
0.4973586038035406
0.49734498399458527
0.49733140647150503
0.49731787103890557
0.49730437750254936
0.4972909256693464
0.49727751534734665
0.497264146345731
0.497250818474804
0.4972375315459851
0.49722428537180136
0.4972110797658787
0.49719791454293505
0.4971847895187718
0.49717170451026654
0.49715865933536507
0.49714565381307413
0.49713268776345365
0.4971197610076095
0.4971068733676863
0.4970940246668591
0.4970812147293274
0.49706844338030776
0.497055710446025
0.49704301575370774
0.4970303591315795
0.49701774040885216
0.49700515941571943
0.49699261598334976
0.49698010994387926
0.4969676411304057
0.4969552093769809
0.49694281451860506
0.4969304563912196
0.49691813483170055
0.49690584967785273
0.49689360076840267
0.4968813879429924
0.4968692110421737
0.496857069907401
0.49684496438102593
0.4968328943062907
0.49682085952732224
0.49680885988912604
0.4967968952375801
0.4967849654194291
0.49677307028227874
0.49676120967458914
0.4967493834456698
0.4967375914456736
0.4967258335255908
0.4967141095372439
0.49670241933328124
0.49669076276717267
0.4966791396932026
0.4966675499664652
0.4966559934428597
0.4966444699790832
0.4966329794326269
0.49662152166177015
0.4966100965255753
0.4965987038838823
0.49658734359730367
0.49657601552721925
0.49656471953577114
0.49655345548585916
0.49654222324113473
0.4965310226659964
0.4965198536255856
0.4965087159857803
0.4964976096131919
0.4964865343751586
0.4964754901397417
0.49646447677572114
0.4964534941525892
0.49644254214054767
0.4964316206105023
0.4964207294340577
0.4964098684835141
0.4963990376318614
0.49638823675277577
0.4963774657206146
0.496366724410412
0.4963560126978749
0.4963453304593781
0.4963346775719605
0.49632405391332
0.4963134593618104
0.4963028937964361
0.49629235709684827
0.496281849143341
0.49627136981684644
0.4962609189989317
0.4962504965717938
0.4962401024182561
0.4962297364217641
0.4962193984663821
0.49620908843678785
0.4961988062182703
0.4961885516967245
0.49617832475864804
0.4961681252911378
0.49615795318188505
0.4961478083191725
0.4961376905918706
0.49612759988943306
0.4961175361018941
0.49610749911986385
0.49609748883452554
0.49608750513763133
0.49607754792149916
0.4960676170790085
0.49605771250359787
0.49604783408926006
0.49603798173054003
0.49602815532253003
0.4960183547608675
0.49600857994173075
0.49599883076183565
0.4959891071184331
0.4959794089093045
0.49596973603275957
0.4959600883876322
0.4959504658732778
0.4959408683895694
0.4959312958368954
0.4959217481161554
0.49591222512875754
0.4959027267766157
0.4958932529621455
0.4958838035882616
0.49587437855837524
0.49586497777639027
0.4958556011467006
0.495846248574187
0.4958369199642145
0.49582761522262864
0.4958183342557538
0.4958090769703887
0.4957998432738047
0.49579063307374266
0.4957814462784098
0.4957722827964769
0.49576314253707576
0.4957540254097962
0.4957449313246834
0.49573586019223476
0.49572681192339785
0.49571778642956704
0.4957087836225814
0.4956998034147212
0.49569084571870614
0.495681910447692
0.4956729975152686
0.4956641068354568
0.495655238322706
0.4956463918918916
0.49563756745831244
0.49562876493768815
0.495619984246157
0.4956112253002732
0.4956024880170039
0.4955937723137277
0.49558507810823155
0.4955764053187083
0.4955677538637548
0.49555912366236904
0.4955505146339475
0.495541926698284
0.4955333597755659
0.49552481378637253
0.4955162886516729
0.49550778429282316
0.49549930063156455
0.49549083759002094
0.4954823950906965
0.4954739730564737
0.4954655714106114
0.4954571900767415
0.49544882897886794
0.4954404880413641
0.49543216718897054
0.49542386634679303
0.4954155854403
0.49540732439532126
0.49539908313804504
0.49539086159501633
0.49538265969313483
0.4953744773596526
0.4953663145221724
0.4953581711086454
0.49535004704736896
0.49534194226698575
0.4953338566964798
0.49532579026517626
0.49531774290273883
0.4953097145391677
0.4953017051047975
0.4952937145302957
0.49528574274666076
0.49527778968521996
0.4952698552776275
0.49526193945586244
0.4952540421522279
0.4952461632993479
0.49523830283016623
0.4952304606779441
0.49522263677625916
0.49521483105900344
0.4952070434603804
0.495199273914905
0.4951915223574006
0.4951837887229981
0.4951760729471329
0.49516837496554506
0.49516069471427565
0.49515303212966677
0.4951453871483582
0.49513775970728713
0.4951301497436857
0.4951225571950794
0.4951149819992858
0.49510742409441255
0.49509988341885586
0.4950923599112989
0.49508485351070997
0.49507736415634157
0.495069891787728
0.4950624363446841
0.4950549977673041
0.4950475759959592
0.4950401709712969
0.49503278263423867
0.49502541092597924
0.4950180557879844
0.49501071716198985
0.49500339498999957
0.49499608921428456
0.49498879977738064
0.4949815266220883
0.4949742696914698
0.49496702892884864
0.49495980427780795
0.49495259568218886
0.4949454030860891
0.49493822643386187
0.4949310656701141
0.49492392073970526
0.4949167915877458
0.4949096781595961
0.49490258040086443
0.4948954982574068
0.4948884316753241
0.4948813806009619
0.4948743449809088
0.4948673247619947
0.49486031989129003
0.49485333031610435
0.4948463559839845
0.4948393968427142
0.4948324528403121
0.4948255239250307
0.4948186100453551
0.4948117111500018
0.49480482718791724
0.49479795810827665
0.4947911038604831
0.4947842643941659
0.4947774396591794
0.49477062960560186
0.49476383418373465
0.4947570533441005
0.49475028703744184
0.4947435352147214
0.49473679782711877
0.49473007482603126
0.49472336616307133
0.49471667179006584
0.49470999165905544
0.49470332572229275
0.4946966739322413
0.49469003624157487
0.49468341260317594
0.4946768029701348
0.49467020729574784
0.49466362553351784
0.49465705763715156
0.4946505035605589
0.49464396325785226
0.49463743668334553
0.4946309237915519
0.4946244245371845
0.49461793887515393
0.4946114667605681
0.4946050081487306
0.4945985629951401
0.49459213125548895
0.49458571288566244
0.494579307841738
0.49457291607998344
0.49456653755685664
0.49456017222900434
0.49455382005326093
0.4945474809866479
0.49454115498637247
0.49453484200982695
0.49452854201458746
0.494522254958413
0.4945159807992449
0.49450971949520534
0.4945034710045968
0.49449723528590095
0.49449101229777753
0.494484801999064
0.494478604348774
0.4944724193060966
0.49446624683039586
0.49446008688120924
0.49445393941824706
0.4944478044013915
0.49444168179069614
0.49443557154638423
0.49442947362884837
0.49442338799865
0.4944173146165174
0.49441125344334624
0.49440520444019753
0.49439916756829727
0.49439314278903596
0.49438713006396684
0.494381129354806
0.494375140623431
0.49436916383188034
0.49436319894235203
0.49435724591720387
0.4943513047189514
0.4943453753102681
0.4943394576539841
0.49433355171308524
0.49432765745071294
0.4943217748301623
0.4943159038148829
0.4943100443684763
0.4943041964546962
0.4942983600374481
0.4942925350807875
0.4942867215489196
0.4942809194061989
0.49427512861712775
0.49426934914635623
0.49426358095868106
0.49425782401904494
0.4942520782925357
0.49424634374438603
0.49424062033997207
0.4942349080448132
0.49422920682457117
0.4942235166450492
0.49421783747219183
0.4942121692720833
0.4942065120109478
0.4942008656551482
0.49419523017118555
0.49418960552569846
0.49418399168546195
0.49417838861738755
0.4941727962885219
0.4941672146660466
0.49416164371727705
0.49415608340966244
0.4941505337107842
0.49414499458835637
0.494139466010224
0.49413394794436316
0.49412844035888015
0.49412294322201034
0.4941174565021184
0.494111980167697
0.4941065141873664
0.49410105852987385
0.49409561316409295
0.494090178059023
0.4940847531837884
0.49407933850763797
0.4940739339999445
0.4940685396302041
0.49406315536803525
0.49405778118317883
0.4940524170454969
0.4940470629249726
0.4940417187917094
0.49403638461593014
0.49403106036797695
0.4940257460183108
0.4940204415375101
0.494015146896271
0.49400986206540615
0.49400458701584465
0.49399932171863153
0.4939940661449263
0.4939888202660035
0.49398358405325177
0.49397835747817276
0.49397314051238134
0.49396793312760484
0.4939627352956819
0.49395754698856315
0.4939523681783093
0.4939471988370918
0.49394203893719146
0.49393688845099837
0.4939317473510111
0.4939266156098366
0.49392149320018913
0.49391638009489025
0.493911276266868
0.49390618168915623
0.493901096334895
0.49389602017732864
0.49389095318980636
0.49388589534578153
0.4938808466188109
0.49387580698255423
0.4938707764107742
0.49386575487733503
0.49386074235620286
0.4938557388214448
0.49385074424722886
0.49384575860782276
0.4938407818775943