0.79
0.79
0.83
0.81
0.9
0.92
0.92
0.91
0.93
0.85
0.85
0.83
0.95
0.94
0.95
0.93
0.9
0.84
0.88
0.85
0.95
0.94
0.95
0.94
0.9
0.85
0.88
0.85
0.95
0.93
0.95
0.93
0.91
0.85
0.91
0.85
0.95
0.93
0.95
0.93
0.91
0.85
0.91
0.87
0.95
0.93
0.96
0.93
0.91
0.85
0.92
0.88
0.95
0.93
0.96
0.93
0.91
0.86
0.94
0.89
0.95
0.94
0.96
0.93
0.91
0.86
0.95
0.93
0.95
0.94
0.97
0.93
0.91
0.87
0.95
0.94
0.96
0.94
0.97
0.92
0.91
0.87
0.95
0.93
0.96
0.94
0.97
0.91
0.92
0.87
0.95
0.94
0.96
0.94
0.97
0.9
0.92
0.9
0.95
0.94
0.96
0.94
0.97
0.91
0.93
0.9
0.95
0.94
0.97
0.94
0.97
0.92
0.94
0.9
0.95
0.94
0.97
0.94
0.97
0.93
0.94
0.9
0.96
0.94
0.98
0.94
0.97
0.93
0.95
0.91
0.96
0.94
0.98
0.94
0.97
0.93
0.97
0.92
0.96
0.94
0.98
0.94
0.97
0.93
0.97
0.93
0.96
0.94
0.97
0.94
0.97
0.93
0.97
0.93
0.96
0.94
0.97
0.94
0.97
0.93
0.97
0.93
0.96
0.94
0.97
0.94
0.97
0.93
0.97
0.93
0.97
0.94
0.97
0.94
0.97
0.93
0.97
0.93
0.97
0.94
0.97
0.94
0.97
0.93
0.97
0.93
0.97
0.94
0.97
0.94
0.97
0.93
0.97
0.93
0.97
0.94
0.97
0.93
0.97
0.93
0.97
0.93
0.97
0.94
0.97
0.93
0.97
0.93
0.97
0.93
0.97
0.94
0.97
0.93
0.97
0.93
0.97
0.93
0.97
0.94
0.97
0.93
0.97
0.93
0.97
0.93
0.97
0.95
0.97
0.93
0.97
0.93
0.97
0.93
0.97
0.95
0.97
0.93
0.97
0.93
0.97
0.93
0.97
0.94
0.97
0.93
0.97
0.93
0.97
0.93
0.98
0.94
0.97
0.93
0.97
0.93
0.97
0.93
0.98
0.94
0.98
0.93
0.97
0.93
0.98
0.93
0.98
0.94
0.98
0.93
0.98
0.93
0.98
0.93
0.98
0.94
0.98
0.93
0.98
0.93
0.98
0.93
0.98
0.94
0.98
0.93
0.98
0.93
0.98
0.93
0.98
0.94
0.98
0.93
0.98
0.93
0.98
0.94
0.98
0.94
0.98
0.93
0.98
0.93
0.98
0.94
0.98
0.94
0.98
0.93
0.98
0.93
0.98
0.94
0.98
0.94
0.98
0.93
0.98
0.94
0.98
0.94
0.98
0.94
0.98
0.94
0.98
0.94
0.98
0.94
0.98
0.94
0.98
0.94
0.98
0.94
0.98
0.94
0.98
0.94
0.98
0.94
0.98
0.94
0.98
0.95
0.98
0.95
0.98
0.94
0.98
0.94
0.98
0.95
0.98
0.95
0.98
0.94
0.98
0.95
0.98
0.95
0.98
0.95
0.98
0.95
0.98
0.95
0.98
0.95
0.98
0.95
0.98
0.95
0.98
0.95
0.98
0.95
0.98
0.95
0.98
0.95
0.98
0.95
0.98
0.95
0.98
0.95
0.98
0.95
0.98
0.95
0.98
0.95
0.98
0.95
0.98
0.95
0.98
0.95
0.98
0.95
0.98
0.95
0.98
0.95
0.98
0.95
0.98
0.95
0.98
0.95
0.98
0.95
0.98
0.95
0.98
0.95
0.98
0.95
0.98
0.95
0.98
0.95
0.98
0.95
0.98
0.95
0.98
0.95
0.98
0.95
0.98
0.95
0.98
0.95
0.98
0.95
0.98
0.95
0.98
0.95
0.98
0.95
0.98
0.95
0.98
0.95
0.98
0.95
0.98
0.95
0.98
0.95
0.98
0.95
0.98
0.95
0.98
0.95
0.98
0.95
0.98
0.95
0.98
0.95
0.98
0.95
0.98
0.95
0.98
0.95
0.98
0.95
0.98
0.95
0.98
0.95
0.98
0.95
0.98
0.95
0.98
0.95
0.98
0.95
0.98
0.95
0.98
0.95
0.98
0.95
0.98
0.95
0.98
0.95
0.98
0.95
0.98
0.95