3.527040275386411
3.4818355565528174
3.4180719165896893
3.3383924208181393
3.245364316051725
3.14145804659812
3.029028801804289
2.910298892921648
2.7873406050937533
2.6620601610033785
2.5361839806022206
2.4112484879168004
2.288594363565671
2.1693655322690777
2.0545125208676507
1.94479932402654
1.8408127087101838
1.74297301759651
1.6515459302322344
1.566655143010631
1.4882963162083929
1.41635272499018
1.3506127870292457
1.2907891343619735
1.2365383754338495
1.1874803730864885
1.1432158529733258
1.1033414220404705
1.0674614926777724
1.035197033094641
1.0061913979716868
0.9801136951010954
0.9566602214498153
0.9355544888047279
0.9165462926974978
0.8994101897847212
0.8839436590206189
0.8699651421334862
0.857312093708508
0.8458391211403931
0.8354162583287171
0.8259273918969416
0.817268842437331
0.8093480935432518
0.8020826562684542
0.7953990546233004
0.7892319176249479
0.7835231644285321
0.7782212706077057
0.773280605356075
0.7686608310253812
0.7643263578848523
0.7602458482307883
0.7563917649904867
0.7527399607681412
0.7492693039019462
0.7459613385741786
0.7427999763713394
0.7397712169576252
0.7368628957256902
0.7340644564427865
0.7313667470325682
0.728761836734099
0.7262428529677944
0.7238038363187056
0.7214396121243402
0.7191456772294107
0.7169181005447711
0.7147534361229252
0.7126486475379548
0.7106010424333432
0.7086082161765461
0.7066680036338446
0.7047784381525076
0.7029377169090839
0.7011441718523247
0.6993962455363947
0.6976924712043534
0.69603145654309
0.694411870588806
0.6928324333166005
0.6912919074986338
0.6897890924627211
0.6883228194270135
0.6868919481267279
0.6854953644857811
0.6841319791197372
0.6828007264868761
0.6815005645315331
0.6802304746883476
0.6789894621378335
0.67777655622295
0.6765908109532707
0.6754313055381137
0.6742971449027825
0.6731874601530512
0.6721014089623817
0.671038175864245
0.6699969724384903
0.6689770373861146
0.667977636491159
0.6669980624719383
0.6660376347265062
0.6650956989792731
0.6641716268371471
0.6632648152645214
0.6623746859869863
0.6615006848338666
0.6606422810296281
0.659798966443936
0.6589702548097114
0.6581556809179799
0.6573547997976557
0.6565671858877091
0.6557924322084253
0.6550301495377221
0.6542799655977501
0.653541524256286
0.6528144847467343
0.65209852090991
0.6513933204601631
0.6506985842778495
0.6500140257296467
0.6493393700177514
0.6486743535585927
0.6480187233913298
0.6473722366161021
0.6467346598617212
0.6461057687822751
0.6454853475819322
0.6448731885670695
0.6442690917247452
0.6436728643264317
0.6430843205558731
0.6425032811598745
0.6419295731208272
0.6413630293497434
0.6408034883986089
0.6402507941908588
0.6397047957688298
0.639165347057067
0.6386323066404159
0.638105537555874
0.6375849070972276
0.637070286631559
0.6365615514267522
0.6360585804891938
0.6355612564109074
0.6350694652254211
0.6345830962717143
0.634102042065642
0.633626198178279
0.6331554631206749
0.6326897382345473
0.6322289275884875
0.6317729378792792
0.6313216783379786
0.6308750606404191
0.6304329988218492
0.6299954091954253
0.6295622102743155
0.6291333226971839
0.6287086691568515
0.6282881743319457
0.627871764821362
0.6274593690813874
0.6270509173653359
0.6266463416655647
0.6262455756577514
0.6258485546473181
0.6254552155178993
0.625065496681756
0.6246793380320507
0.6242966808968922
0.6239174679950827
0.6235416433934838
0.6231691524659394
0.6227999418536886
0.6224339594272066
0.622071154249416
0.6217114765402156
0.6213548776422703
0.6210013099880141
0.6206507270678214
0.6203030833992936
0.6199583344976265
0.6196164368470082
0.6192773478730147
0.6189410259159587
0.6186074302051577
0.6182765208340876
0.617948258736382
0.6176226056626524
0.6172995241580893
0.6169789775408209
0.6166609298809982
0.6163453459805751
0.6160321913537632
0.61572143220813
0.6154130354263179
0.6151069685483623
0.614803199754582
0.6145016978490219
0.61420243224343
0.6139053729417433
0.6136104905250669
0.6133177561371254
0.6130271414701742
0.6127386187513447
0.6124521607294167
0.6121677406619944
0.611885332303078
0.6116049098910088
0.6113264481367844
0.6110499222127181
0.6107753077414416
0.6105025807852326
0.6102317178356541
0.6099626958035033
0.6096954920090458
0.6094300841725389
0.6091664504050237
0.608904569199382
0.6086444194216467
0.6083859803025591
0.6081292314293614
0.6078741527378214
0.6076207245044752
0.6073689273390878
0.607118742177317
0.6068701502735816
0.6066231331941198
0.6063776728102368
0.6061337512917347
0.605891351100515
0.6056504549843539
0.6054110459708406
0.6051731073614751
0.6049366227259211
0.6047015758964067
0.6044679509622727
0.6042357322646569
0.6040049043913197
0.6037754521715974
0.6035473606714846
0.6033206151888421
0.6030952012487218
0.6028711045988122
0.6026483112049927
0.6024268072470019
0.6022065791142088
0.6019876134014902
0.6017698969052062
0.6015534166192751
0.6013381597313411
0.6011241136190358
0.6009112658463273
0.6006996041599562
0.6004891164859569
0.6002797909262604
0.6000716157553754
0.5998645794171481
0.5996586705215967
0.5994538778418189
0.5992501903109708
0.599047597019314
0.5988460872113307
0.5986456502829041
0.5984462757785625
0.5982479533887839
0.5980506729473636
0.597854424428837
0.5976591979459627
0.5974649837472578
0.5972717722145914
0.597079553860826
0.5968883193275138
0.5966980593826422
0.5965087649184256
0.5963204269491481
0.5961330366090496
0.5959465851502584
0.5957610639407674
0.5955764644624518
0.5953927783091301
0.5952099971846653
0.5950281129011044
0.5948471173768587
0.5946670026349193
0.5944877608011117
0.5943093841023839
0.5941318648651314
0.5939551955135551
0.593779368568053
0.5936043766436434
0.5934302124484216
0.5932568687820461
0.5930843385342542
0.5929126146834096
0.5927416902950763
0.5925715585206217
0.5924022125958478
0.5922336458396468
0.5920658516526858
0.5918988235161148
0.5917325549903009
0.5915670397135859
0.5914022714010693
0.5912382438434123
0.5910749509056666
0.5909123865261247
0.5907505447151914
0.5905894195542769
0.5904290051947118
0.5902692958566799
0.5901102858281736
0.5899519694639667
0.5897943411846068
0.5896373954754275
0.589481126885576
0.5893255300270612
0.5891705995738182
0.5890163302607889
0.588862716883021
0.5887097542947811
0.5885574374086855
0.5884057611948471
0.5882547206800346
0.5881043109468497
0.5879545271329174
0.5878053644300912
0.5876568180836717
0.5875088833916395
0.5873615557039014
0.5872148304215492
0.5870687029961325
0.5869231689289435
0.5867782237703131
0.5866338631189216
0.5864900826211187
0.5863468779702571
0.5862042449060357
0.5860621792138553
0.5859206767241855
0.5857797333119402
0.5856393448958663
0.5854995074379409
0.5853602169427788
0.5852214694570504
0.5850832610689097
0.5849455879074299
0.5848084461420511
0.5846718319820338
0.584535741675925
0.5844001715110302
0.5842651178128949
0.5841305769447959
0.5839965453072378
0.583863019337462
0.5837299955089587
0.5835974703309902
0.5834654403481221
0.5833339021397584
0.5832028523196887
0.5830722875356384
0.5829422044688295
0.5828125998335454
0.5826834703767054
0.5825548128774435
0.5824266241466943
0.5822989010267875
0.5821716403910453
0.5820448391433892
0.5819184942179507
0.5817926025786888
0.5816671612190144
0.5815421671614183
0.5814176174571069
0.5812935091856425
0.5811698394545897
0.5810466053991655
0.580923804181898
0.5808014329922866
0.580679489046469
0.5805579695868949
0.5804368718820007
0.5803161932258927
0.5801959309380333
0.5800760823629315
0.5799566448698401
0.5798376158524541
0.5797189927286166
0.579600772940028
0.5794829539519587
0.5793655332529664
0.5792485083546184
0.5791318767912174
0.5790156361195302
0.5788997839185227
0.578784317789096
0.5786692353538285
0.5785545342567212
0.5784402121629446
0.5783262667585936
0.5782126957504403
0.5780994968656963
0.5779866678517728
0.5778742064760484
0.5777621105256374
0.5776503778071629
0.5775390061465322
0.5774279933887168
0.5773173373975331
0.577207036055428
0.5770970872632675
0.5769874889401271
0.576878239023086
0.5767693354670235
0.5766607762444194
0.5765525593451554
0.5764446827763209
0.57633714456202
0.5762299427431828
0.5761230753773772
0.5760165405386255
0.5759103363172212
0.5758044608195507
0.5756989121679151
0.5755936885003561
0.5754887879704833
0.575384208747304
0.5752799490150562
0.5751760069730414
0.575072380835463
0.5749690688312638
0.574866069203968
0.5747633802115225
0.5746610001261447
0.5745589272341669
0.5744571598358869
0.5743556962454188
0.5742545347905462
0.5741536738125769
0.5740531116662
0.5739528467193444
0.5738528773530394
0.5737532019612772
0.573653818950877
0.5735547267413504
0.5734559237647697
0.5733574084656365
0.5732591793007531
0.5731612347390947
0.5730635732616844
0.5729661933614679
0.5728690935431912
0.5727722723232805
0.5726757282297209
0.5725794598019399
0.5724834655906902
0.572387744157934
0.5722922940767307
0.572197113931123
0.5721022023160276
0.5720075578371244
0.5719131791107491
0.571819064763786
0.571725213433563
0.5716316237677466
0.5715382944242401
0.5714452240710807
0.5713524113863397
0.5712598550580237
0.5711675537839758
0.571075506271779
0.570983711238661
0.5708921674113995
0.5708008735262283
0.5707098283287458
0.5706190305738241
0.5705284790255176
0.5704381724569756
0.5703481096503537
0.5702582893967265
0.570168710496003
0.5700793717568405
0.5699902719965619
0.569901410041072
0.5698127847247759
0.5697243948904989
0.5696362393894051
0.5695483170809199
0.5694606268326512
0.5693731675203118
0.5692859380276439
0.569198937246344
0.5691121640759866
0.569025617423953
0.5689392962053565
0.5688531993429717