2.30147292135211
2.509690284660407
1.0924438168815993
0.81177457800763
0.7443626719634571
0.70896552054984
0.8035617093111646
1.0933664888965018
1.4293218844515851
1.4005867123707383
1.1593022042212482
0.7672269141918644
0.7285014803034564
0.7407431267431007
0.9131901199633029
1.2773801745342102
1.3349862125768057
1.1047465955668736
1.0032909611618197
0.7690214559592
0.7643385557740182
0.8338180035946374
1.0387062487473517
1.294472114439489
1.2142918580559536
0.9203805379102445
0.8489797721708477
0.7588938230392649
0.8127019328231548
0.9923258593527317
1.193673772308658
1.2202472538207996
1.0877049367381735
0.7951652510530064
0.7341096889000672
0.7269592840344697
0.8308217071194377
1.1284041144645867
1.2578194295209562
1.1439803961031012
1.0037395426724638
0.7516558606989553
0.7008783283698935
0.7205201298762111
0.8397560785560588
1.1677919271842057
1.2434623009113044
1.0950018189731887
0.9603809592393058
0.742785979982437
0.6969428367436786
0.7293467162800095
0.8528197818033167
1.173716969765435
1.2115979858461565
1.0509921198055767
0.9235757644871735
0.7401701880226034
0.7002187258210003
0.7470345689696949
0.8743322442250459
1.1759705132099527
1.1746876722773445
1.0022226555188143
0.8827975610697314
0.737826812598781
0.7080137651990139
0.7766343980662491
0.909381369659865
1.1787242010585635
1.1331101087029463
0.94516014658791
0.8345750481474487
0.7328710240576557
0.7197511040540215
0.8220087517997788
0.9589571264646636
1.177178434938085
1.0872470112432362
0.8847138831959694
0.7834654693070574
0.7235179806759966
0.7321807490457821
0.8782057945044772
1.011483348130364
1.166392259505659
1.042699124504943
0.8343619971370273
0.7422540463950822
0.7125781062563884
0.7403715106213721
0.9262126682842763
1.0476128426372922
1.1513766795435445
1.0088240919086942
0.8038447328286034
0.7184417966070135
0.7052924092222014
0.7436326668875672
0.95240048689723
1.060757485241525
1.138309334880493
0.9882128515773096
0.7908723500274325
0.708801899117391
0.7033071560953474
0.7448489942680934
0.9606405536938694
1.0578053240163394
1.1266086266952864
0.9759128654962983
0.7883067441031082
0.7075637146501564
0.7057694625874809
0.746679354794254
0.9603256031240669
1.0469024201288812
1.1135179524042615
0.966546567705958
0.7907263084575228
0.7108701135312225
0.7116561041925104
0.7504694777526628
0.9577267424734304
1.032980093388783
1.0975696788949623
0.9570772544557584
0.7951252495590698
0.7166589843821424
0.7202432355031502
0.7565713571528381
0.9555247618311462
1.0183656649987574
1.07876299462949
0.9463686750950274
0.8000117012930807
0.7238530127679242
0.7309988552515433
0.7647940167506262
0.9543381013367562
1.0039500389423885
1.057862359795006
0.9343335033068003
0.8047241564207568
0.731875566889822
0.743481719883639
0.7746912636799721
0.9538680793837624
0.9899497484809818
1.0358591935321821
0.9213704808650328
0.8090508709883344
0.7404079165437359
0.7572761349214217
0.7856985885461516
0.9535130031385548
0.9763283486495195
1.013718174433325
0.9080650432273437
0.8130168757842572
0.7492562216930717
0.7719424662275625
0.7971944821852501
0.9526747057261676
0.9630145052668624
0.9922852506453428
0.8950356809376153
0.816758176218268
0.7582731563837732
0.7869902065362602
0.8085473381306659
0.9509130345572971
0.9500007113421042
0.9722493967446949
0.882843939137231
0.8204431333446541
0.7673158618811216
0.8018863774812689
0.8191738824758025
0.9480128984795644
0.9373677651344492
0.9541156740434253
0.8719324856632105
0.8242209006843174
0.7762313678022353
0.816099974776991
0.8286036722453539
0.9439850020782072
0.9252641524995481
0.9381899129387483
0.8625865393988227
0.8281886721518827
0.7848605437863071
0.829165888888968
0.8365286776239645
0.9390167292849781
0.9138650375456169
0.9245854999319721
0.8549239417549628
0.832376251626067
0.7930509953605811
0.8407422384154273
0.842820343535555
0.9333979101623188
0.9033314164191788
0.913253966874836
0.8489139100615406
0.8367476363573948
0.8006710566660128
0.8506402117436962
0.8475113930182221
0.9274477084011011
0.8937820081738534
0.9040303397887961
0.8444153670111989
0.8412164202304907
0.8076203087890543
0.8588206158903379
0.8507535761404792
0.9214600078688148
0.8852812546791787
0.8966806022195402
0.8412215358779396
0.845668600983471
0.8138349997455245
0.8653653224069496
0.8527677399540671
0.9156725163525957
0.8778403820935284
0.8909418027067005
0.8390997801025749
0.8499856624125964
0.8192885202112488
0.8704375703216021
0.8537994204734889
0.9102561728713695
0.871426199916907
0.886550829575653
0.8378210311673979
0.8540627185837977
0.8239879213042207
0.8742431803421671
0.8540865572863616
0.9053181097697672
0.8659729268522762
0.883262194832525
0.8371779694392834
0.8578194746784797
0.8279677907087318
0.8769995434289733