1.3286794159932511
1.0091259626176599
0.8833255967648842
0.8134048345767961
0.7681230876895287
0.7361924236863225
0.7123892711104047
0.6939220279490955
0.6791515731638108
0.6670486895692934
0.656933487392646
0.6483385233129985
0.64093182158096
0.6344711805396257
0.6287758284707564
0.623708183724745
0.619161745605506
0.6150528369050302
0.6113148400104094
0.607894090208522
0.604746896052008
0.6018373421099084
0.5991356448817158
0.5966169063157419
0.594260157417198
0.5920476163967295
0.5899641074650577
0.5879966012930238
0.5861338485834745
0.5843660855935857
0.5826847957543794
0.5810825153913093
0.5795526743836036
0.5780894647034878
0.5766877313527351
0.5753428814059196
0.5740508077786091
0.5728078250372254
0.5716106151081283
0.570456181165138
0.5693418083056474
0.5682650298868325
0.5672235986010778
0.5662154615355893
0.5652387385943505
0.5642917037680893
0.563372768825084
0.5624804690666758
0.5616134508494577
0.5607704606238519
0.5599503352781711
0.5591519936098586
0.5583744287726994
0.5576167015713746
0.5568779344936383
0.5561573063862443
0.5554540476941071
0.5547674361934473
0.5540967931592128
0.553441479915171
0.5528008947219566
0.5521744699642454
0.5515616696032591
0.5509619868651179
0.5503749421392665
0.5498000810643991
0.5492369727820582
0.548685208340475
0.548144399233286
0.547614176059551
0.5470941872930696
0.5465840981503519
0.5460835895477893
0.5455923571396196
0.5451101104291868
0.544636571946809
0.544171476488264
0.5437145704085345
0.5432656109660013
0.5428243657127563
0.5423906119271462
0.5419641360850341
0.5415447333666069
0.5411322071958645
0.5407263688101897
0.5403270368576457
0.5399340370198565
0.5395472016585284
0.5391663694838327
0.5387913852430367
0.5384220994279011
0.5380583679994956
0.5377000521291898
0.5373470179546915
0.5369991363500843
0.536656282708911
0.5363183367394198
0.5359851822711645
0.5356567070722075
0.5353328026762375
0.5350133642189627
0.5346982902831897
0.5343874827520416
0.5340808466698084
0.5337782901099609
0.5334797240498931
0.5331850622519823
0.5328942211505988
0.5326071197447071
0.5323236794957344
0.5320438242304034
0.5317674800482411
0.531494575233503
0.5312250401712607
0.5309588072674232
0.5306958108724743
0.5304359872087229
0.5301792743008755
0.5299256119097543
0.5296749414689892
0.5294272060245335
0.5291823501768471
0.5289403200256163
0.5287010631168753
0.5284645283924067
0.5282306661413094
0.5279994279536193
0.5277707666758846
0.5275446363685987
0.5273209922653963
0.5270997907339311
0.5268809892383509
0.5266645463032933
0.5264504214793316
0.5262385753098013
0.5260289692989405
0.5258215658812865
0.5256163283922669
0.525413221039934
0.5252122088777859
0.5250132577786282
0.5248163344094301
0.5246214062071268
0.5244284413553293
0.5242374087619005
0.52404827803736
0.5238610194740804
0.5236756040262428
0.5234920032905171
0.5233101894874372
0.52313013544344
0.5229518145735444
0.5227752008646382
0.5226002688593493
0.5224269936404817
0.5222553508159845
0.5220853165044407
0.5219168673210478
0.5217499803640755
0.5215846332017787
0.5214208038597474
0.5212584708086792
0.5210976129525524
0.5209382096171907
0.520780240539199
0.5206236858552575
0.5204685260917623
0.5203147421547959
0.520162315320418
0.520011227225263
0.5198614598574328
0.5197129955476745
0.5195658169608315
0.5194199070875594
0.5192752492362953
0.5191318270254719
0.5189896243759691
0.518848625503791
0.5187088149129646
0.5185701773886477
0.5184326979904433
0.5182963620459092
0.5181611551442584
0.5180270631302426
0.5178940720982134
0.5177621683863531
0.5176313385710724
0.517501569461566
0.517372848094523
0.5172451617289866
0.5171184978413569
0.5169928441205326
0.5168681884631888
0.5167445189691832
0.5166218239370883
0.5165000918598462
0.5163793114205408
0.5162594714882831
0.5161405611142077
0.5160225695275761
0.5159054861319826
0.5157893005016608
0.5156740023778874
0.5155595816654792
0.5154460284293813
0.515333332891344
0.5152214854266843
0.5151104765611312
0.5150002969677503
0.5148909374639472
0.5147823890085457
0.5146746426989397
0.5145676897683162
0.5144615215829468
0.5143561296395462
0.5142515055626972
0.5141476411023348
0.5140445281312969
0.5139421586429295
0.5138405247487529
0.513739618676182
0.5136394327663022
0.5135399594716977
0.5134411913543308
0.5133431210834725
0.5132457414336798
0.5131490452828217
0.51305302561015
0.512957675494416
0.5128629881120285
0.5127689567352564
0.5126755747304703
0.5125828355564256
0.5124907327625828
0.5123992599874676
0.5123084109570653
0.5122181794832533
0.5121285594622671
0.5120395448732008
0.51195112977654
0.5118633083127279
0.5117760747007608
0.5116894232368171
0.5116033482929128
0.5115178443155882
0.5114329058246215
0.511348527411771
0.5112647037395426
0.5111814295399855
0.5110986996135106
0.5110165088277365
0.5109348521163577
0.5108537244780369
0.5107731209753212
0.5106930367335794
0.5106134669399616
0.5105344068423805
0.5104558517485139
0.5103777970248258
0.510300238095609
0.5102231704420465
0.510146589601291
0.5100704911655649
0.5099948707812756
0.50991972414815
0.5098450470183864
0.5097708351958217
0.5096970845351165
0.5096237909409543
0.5095509503672591
0.509478558816425
0.5094066123385632
0.5093351070307613
0.5092640390363602
0.5091934045442403
0.5091231997881248
0.5090534210458955
0.5089840646389202
0.5089151269313946
0.5088466043296948
0.5087784932817432
0.5087107902763864
0.5086434918427829
0.5085765945498039
0.5085100950054445
0.5084439898562457
0.5083782757867272
0.5083129495188299
0.5082480078113691
0.5081834474594983
0.5081192652941805
0.5080554581816715
0.5079920230230109
0.5079289567535227
0.5078662563423244
0.5078039187918457
0.5077419411373546
0.5076803204464927
0.507619053818818
0.5075581383853566
0.5074975713081605
0.5074373497798759
0.5073774710233154
0.5073179322910412
0.5072587308649519
0.5071998640558805
0.5071413292031943
0.5070831236744068
0.5070252448647922
0.5069676901970077
0.5069104571207241
0.5068535431122583
0.5067969456742166
0.5067406623351413
0.5066846906491628
0.50662902819566
0.5065736725789234
0.5065186214278258
0.5064638723954972
0.5064094231590061
0.5063552714190447
0.5063014148996207
0.5062478513477522
0.5061945785331701
0.5061415942480223
0.5060888963065855
0.5060364825449793
0.5059843508208869
0.5059324990132777
0.5058809250221376
0.5058296267682001
0.5057786021926844
0.5057278492570361
0.5056773659426724
0.5056271502507313
0.5055772002018246
0.5055275138357948
0.5054780892114756
0.5054289244064567
0.505380017516851
0.5053313666570672
0.5052829699595835
0.5052348255747271
0.5051869316704553
0.5051392864321412
0.5050918880623615
0.5050447347806881
0.5049978248234835
0.5049511564436976
0.5049047279106688
0.5048585375099277
0.504812583543004
0.5047668643272352
0.5047213781955802
0.5046761234964329
0.5046310985934414
0.5045863018653267
0.5045417317057076
0.5044973865229251
0.5044532647398707
0.5044093647938176
0.5043656851362532
0.5043222242327144
0.5042789805626268
0.5042359526191424
0.5041931389089847
0.504150537952291
0.5041081482824612
0.5040659684460055
0.5040239970023961
0.5039822325239202
0.5039406735955355
0.5038993188147274
0.5038581667913683
0.5038172161475789
0.5037764655175913
0.503735913547614
0.5036955588956991
0.5036554002316107
0.5036154362366957
0.5035756656037558
0.5035360870369224
0.5034966992515307
0.5034575009739993
0.5034184909417073
0.5033796679028764
0.5033410306164525
0.5033025778519902
0.5032643083895375
0.5032262210195235
0.5031883145426467
0.5031505877697646
0.5031130395217857
0.5030756686295618
0.5030384739337826
0.5030014542848716
0.5029646085428826
0.5029279355773981
0.5028914342674298
0.5028551035013181
0.5028189421766359
0.5027829492000914
0.5027471234874327
0.5027114639633543
0.5026759695614038
0.5026406392238911
0.5026054719017969
0.5025704665546843
0.5025356221506099
0.5025009376660375
0.5024664120857518
0.5024320444027733
0.502397833618275
0.5023637787414993
0.5023298787896764
0.5022961327879436
0.5022625397692657
0.5022290987743564
0.5021958088516
0.5021626690569754
0.5021296784539797
0.5020968361135536
0.5020641411140073
0.5020315925409478
0.5019991894872059
0.5019669310527657
0.501934816344694
0.5019028444770701
0.5018710145709182
0.5018393257541384
0.5018077771614401
0.5017763679342757
0.5017450972207749
0.5017139641756804
0.5016829679602834
0.5016521077423607
0.5016213826961122
0.5015907920020994
0.5015603348471841
0.5015300104244682
0.5014998179332346
0.5014697565788871
0.5014398255728942
0.5014100241327297
0.501380351481817
0.5013508068494725
0.5013213894708501
0.5012920985868867
0.5012629334442475
0.5012338932952722
0.501204977397923
0.5011761850157311
0.5011475154177453
0.501118967878481
0.5010905416778694
0.5010622361012071
0.5010340504391075
0.501005983987451
0.5009780360473365
0.5009502059250347
0.5009224929319396
0.5008948963845222
0.5008674156042846
0.5008400499177137
0.5008127986562358
0.500785661156173
0.5007586367586975
0.5007317248097889
0.5007049246601906
0.5006782356653668
0.5006516571854606
0.5006251885852516
0.5005988292341154
0.5005725785059811
0.5005464357792931
0.5005204004369683
0.5004944718663586
0.5004686494592109
0.5004429326116283
0.5004173207240317
0.5003918132011218
0.5003664094518421
0.500341108889341
0.5003159109309356
0.5002908149980748
0.5002658205163041
0.5002409269152288
0.5002161336284805
0.5001914400936804
0.5001668457524062
0.5001423500501575
0.5001179524363215
0.5000936523641407
0.5000694492906788
0.5000453426767886
0.5000213319870797
0.4999974166898857
0.49997359625723325
0.49994987016481035
0.49992623789193585