1.5007832718308107
2.1456036475520723
2.1236123132298683
1.1555384482597018
0.7619324224189167
0.6903774180883415
0.6485407260152404
0.7141773979731062
0.9967000469948246
1.4957971255847822
1.5659537698181887
1.1569664830289643
0.7251423770026022
0.6724043911742191
0.6634704167358473
0.7836753601481862
1.1552417626642717
1.4124599527748927
1.2991514175826893
1.0867645414015372
0.7316747063878581
0.6809268660105419
0.6842003368341425
0.8086807416349663
1.1744017339508752
1.3404829602763277
1.202042204534404
1.0356407417149747
0.7360499421124815
0.6863488054546035
0.6993994317755214
0.8245495035317842
1.179038341079576
1.2909159614279897
1.1397108741373962
0.9937354723181823
0.7372384975624596
0.6894044811130081
0.7119635359342813
0.8373376490491985
1.1782547860096912
1.2503680325614661
1.0914378198474892
0.9566456467545355
0.7371719178003766
0.6926393641162714
0.7261833736391011
0.8530083130601651
1.1776258580503216
1.2123300931639895
1.0452408590083964
0.918980816962816
0.7365111917315104
0.6981434734987344
0.7470999740337415
0.8778529102619956
1.179726245106973
1.1726838125870587
0.9931126049955598
0.8754170907685505
0.7344094574764191
0.7074437893942154
0.7807982877926539
0.9179151736012595
1.1830780511829926
1.1285930833627162
0.9320678188075254
0.8234753987071307
0.7285398732419918
0.7203574647757839
0.8316803771064004
0.9731700453232092
1.1806307452201252
1.0803918895788593
0.8692466293386786
0.770181914362629
0.7175379521778715
0.7325992137824777
0.8914484827019108
1.0278448814238437
1.168405080536754
1.0356655047079852
0.8203932205855498
0.7303628713509224
0.7057144248274245
0.7389756617853942
0.9369967466760729
1.0609617385235872
1.1543300392326037
1.0046581554582106
0.7937375215735465
0.709512140035174
0.6985373702393599
0.7401291490702571
0.957390605770279
1.0696085446890955
1.1437723867488556
0.9877471210739688
0.784269294522397
0.7022468468229457
0.696821364952851
0.7397363671669845
0.9605939191865002
1.0632155922768733
1.1343399253212423
0.9783166979369501
0.7840818673906714
0.7024802743558568
0.6994147508456042
0.7405313193196977
0.9571057298778787
1.0501640790347775
1.122654296273874
0.9707845123926309
0.7880242995045531
0.7066627077957192
0.705328587648337
0.7437219541287191
0.9528429945287877
1.0350203947629044
1.107325698030259
0.9623718643538501
0.7934110475519258
0.7129832835464095
0.7138851775029296
0.7495066940476374
0.9499680233166115
1.0197932420320805
1.0886112618287593
0.9522053461054001
0.7989423941738102
0.7204959393611229
0.7245682085438537
0.7575849530865867
0.9487269476211452
1.0051590376061526
1.067496358194411
0.9403786073141636
0.8040636960625898
0.7286926604887759
0.7369495216428944
0.7674571057042888
0.9485942858022791
0.9911889577466868
1.0451004262975372
0.9273945351101394
0.8086264429468851
0.7372999527440272
0.7506405509774218
0.7785495980999713
0.9488321521672337
0.9777413432400069
1.022441397369733
0.9138903371991199
0.812695994306315
0.7461616651936033
0.7652433574992148
0.7902550045248848
0.9487480889873287
0.9646632266751936
1.000381684943747
0.9005105009353167
0.8164365118819424
0.7551644996439397
0.7803145754083902
0.801957119515998
0.9478209019220738
0.9518825923611449
0.979621237558565
0.8878381641271749
0.8200393749857675
0.764194932634029
0.7953603322994461
0.8130728379871702
0.9457592543606926
0.9394328959928233
0.960686793504103
0.8763453547978709
0.8236763966001558
0.7731223204642031
0.809868346435844
0.8231095646153199
0.942507334181687
0.9274343008940292
0.9439184744666522
0.8663565104268715
0.827469157308425
0.7818013376011568
0.8233660853473133
0.8317181228215178
0.9382043271978624
0.9160524665241115
0.9294697700917888
0.8580331930786793
0.8314726878043062
0.7900849937646254
0.8354813334333117
0.8387201530314599
0.9331148595474857
0.9054541663459138
0.917329339466739
0.8513849245831401
0.835674106399641
0.7978401064387967
0.8459819246830189
0.8441014796160231
0.9275543252252691
0.8957735241901433
0.9073602435496302
0.8463014068026282
0.8400048158953802
0.804959899883688
0.8547836998089756
0.8479779695445949
0.9218284355916112
0.8870943401990518
0.8993453578024235
0.8425947172915133
0.8443613951161343
0.811371484846965
0.8619305157953143
0.8505486405645082
0.9161953995882944
0.8794469234284485
0.8930285646203078
0.8400400045062947
0.8486285955346992
0.8170380765755645
0.8675586383272909
0.8520501975174463
0.9108495493372615
0.872814480829451
0.8881460914276208
0.8384075335735518
0.8526988475421706
0.8219568518219935
0.8718582539540246
0.8527215674832986
0.9059204590671806
0.8671440027583791
0.8844470181873968
0.8374838688252471
0.8564852644393514
0.8261537508211989
0.8750405574502821
0.8527809986299354
0.9014809694083842
0.8623580164743663
0.8817047059401739
0.8370833010906774
0.8599277271367018
0.8296766083586701
0.8773139136000014
0.8524143458122719
0.8975589415057502
0.8583651677986803
0.8797217515189387
0.8370520227258091
0.8629933288398416
0.8325878632502738
0.8788690875134805
0.8517715404616052
0.8941494227357322
0.8550687582535758
0.8783308340351632
0.8372676421181021
0.8656731225080972
0.8349578056053479
0.8798718126725527
0.8509681653027692
0.8912254567245177
0.8523730637318963
0.8773932005868872
0.8376361222806052
0.8679770335325266
0.8368589573970951
0.8804605214879122
0.850089683450239
0.8887468289801
0.8501876230285489
0.8767959397858389
0.8380875922561368
0.8699283514330894
0.8383618350778753
0.8807472912250871
0.8491966520000296
0.8866666651365405
0.8484298414771775
0.8764487477658959
0.8385719321540769
0.8715586855087613
0.839532077006741
0.880820525452651
0.8483299202800397
0.8849361149149425
0.8470262945633514
0.8762806021425033
0.8390546330039027
0.8729038194726575
0.8404287551236881
0.8807483642241472
0.8475152965298619
0.883507475919377
0.8459130924479487
0.8762365818283536
0.839513169657489
0.8740005846605968
0.841103618522141
0.8805822005706978
0.846767476959121
0.8823361228833589
0.8450356119429676
0.8762749625915103
0.839933965195153
0.8748846849208952
0.841601009812492
0.8803599576173937
0.8460932102670243
0.8813815666639925
0.8443478382518299
0.8763646510465684
0.8403099355999221
0.8755893179254488
0.8419582256611147
0.8801089634604536
0.8454937620962529
0.8806079071108552
0.8438114968731673
0.8764829768110386
0.8406385582574073
0.8761444129307668
0.842206138908768
0.8798483729235448
0.8449667816489677
0.8799838830873409
0.8433951026485756
0.8766138349649246
0.840920389412145
0.8765763157619906
0.8423699473023959
0.8795911484181241
0.8445076803690146
0.8794826696389179
0.8430730101845039
0.8767461538781691
0.8411579525724795
0.8769077785256957
0.8424699558211537
0.8793456436961898
0.8441106250948854
0.8790815291991793
0.8428245175863247
0.8768726539566009
0.841354924835708
0.8771581425082546
0.8425223330884755
0.8791168466839527
0.8437692341881651
0.8787613905714408
0.8426330522161689
0.8769888587835082
0.8415155568663891
0.8773436316992632
0.842539807314222
0.8789073390851692
0.8434770496534115
0.8785064048141115
0.8424854512334661
0.8770923198417457
0.8416442722649335
0.8774776987567806
0.8425322847355172
0.8787180262867172
0.8432278435962318
0.8783035093827158
0.8423713392467329
0.8771820181587777
0.8417454018942513
0.8775713843871249
0.8425073851630964
0.878548684447935
0.8430158045497217
0.8781420193407509
0.8422825989889986
0.8772579097942127
0.8418230176635223
0.8776336654347623
0.8424708964980251
0.878398364323576
0.8428356385260576
0.8780132558058146
0.8422129273232386
0.8773205863236275
0.8418808379906698
0.8776717772590263
0.8424271542403179
0.8782656843201506
0.8426826110401734
0.8779102159889584
0.842157467174757
0.8773710258394434
0.8419221836133769
0.8776915030792676
0.8423793540671806
0.878149038975703
0.8425525495645592
0.8778272854094801
0.8421125055074945
0.8774104141540912
0.841949967660468
0.8776974276901572
0.8423298062557718
0.8780467436443277
0.8424418206171417
0.8777599905255206
0.8420752277384439
0.877440019662978
0.8419667080652065
0.8776931559377692
0.8422801405897822
0.8779571316658477
0.8423472916721437
0.8777047886725996
0.8420435196936621
0.8774611086167878
0.8419745536574521
0.8776814981182279
0.8422314697812221
0.8778786166312462
0.8422662850619858
0.8776588915311188
0.8420158091333935
0.8774748903466718
0.8419753177709036
0.8776646254004523
0.8421845185968483
0.8778097294108602
0.8421965287905351
0.877620118119441
0.8419909398720409
0.87748248430317
0.8419705150903143
0.8776441987647687
0.8421397249543419
0.8777491372797297
0.842136107527323
0.8775867733716431
0.8419680725039442
0.8774849026575041
0.8419613988685369
0.8776214749896207
0.8420973183384989
0.8776956506466647
0.8420834158567807
0.8775575485934756
0.8419466066678565
0.8774830437266503
0.8419489966715384
0.8775973930501109
0.8420573800343153
0.8776482214739473
0.8420371150042945
0.8775314404188047
0.8419261206153231
0.8774776926796404
0.8419341435486755
0.8775726440078305
0.8420198889076517
0.8776059363818647
0.8419960936649102
0.8775076852600104
0.841906324580753
0.8774695269159501
0.8419175120459109
0.877547727134226
0.8419847557945588
0.8775680065991823
0.8419594331539212
0.8774857066232526
0.8418870250832283
0.8774591242266798
0.8418996388366841
0.8775229946605506
0.841951848986853
0.8775337562896364
0.8419263768302774
0.8774650730234992
0.8418680978275229
0.8774469723976261
0.8418809479819898
0.8774986872082058
0.8419210128178783
0.8775026103132119
0.841896303575162
0.8774454645713388
0.8418494673228503
0.8774334793267499
0.841861770980857
0.8774749616404924
0.8418920809498069