2.263233600052869
1.2529590743694488
1.0972196694607437
1.111875190849291
0.8624412170286083
0.9062272619543583
0.8951081145784308
1.0775266831900687
1.1577572845669775
1.1921172906085016
0.9338792538809978
0.8969481394321319
0.790762634224962
0.8536281649588076
0.989969933560597
1.1729214773197998
1.1651544927636706
1.0772767968134505
0.8093025133361905
0.7567378077570204
0.7492071549990186
0.8562308151459374
1.1251742394396484
1.2322526823939595
1.101438633376929
0.9800233933110519
0.7559938212485432
0.71180852267767
0.7423241119839004
0.8700781804329325
1.1802705791691432
1.2148664247000558
1.04152296066341
0.9213409397160632
0.7431865146289315
0.7088921020155754
0.7633502776368846
0.9016939950109935
1.1956924816737566
1.1732501572997782
0.9766243974931514
0.8644815181850672
0.7364018777450934
0.7182643569477791
0.8066693173368792
0.9554329360601176
1.2012918275926183
1.1219312981953267
0.9031752394211691
0.8002662960358314
0.724885793770309
0.7317292274621633
0.8715756856142808
1.0239922146326
1.1939185337802656
1.067542266530985
0.8360555813428594
0.7431598007576026
0.7080853928726921
0.7398687272896213
0.934092844062349
1.0773882710948617
1.1792076883169536
1.0254351567836344
0.7944227785999065
0.7093857059129393
0.694252801322833
0.7390076469758018
0.965001481068431
1.0974385404530183
1.1708399216061964
1.0042393956698334
0.7780523353662648
0.6957204739754361
0.6870998468359466
0.7338496638551012
0.9674987097502442
1.0934551541594488
1.1679513024926755
0.9965731478122548
0.775968916860909
0.6929721659103739
0.6853831652683242
0.7292204419533111
0.9581589593219915
1.0785200390901533
1.1637820882938723
0.9931243784343234
0.7802590952034255
0.6956738118632267
0.6878263945688892
0.7276088409952078
0.9477417314930132
1.060223538523722
1.1542494598782067
0.9887619318797808
0.7869304316214503
0.7012594417803821
0.6936127759362248
0.7296458529576902
0.9403781350210716
1.0420588733832865
1.1387906481668373
0.9816533241432934
0.7940074701208588
0.7083981379228665
0.7020476225309409
0.7349712293704056
0.9366619448323966
1.0252789629837251
1.1187525859011256
0.9717010805859896
0.8005484121454017
0.7163344870450495
0.712536440029038
0.7429116638914185
0.9358324471709941
1.010041196056946
1.0958841288900474
0.9595004580865486
0.8062054312263262
0.7246603627368615
0.7246211249060728
0.7528003970592333
0.9368173602961923
0.9960626343670863
1.0716556284156034
0.9458142346293001
0.8109651497750031
0.7331840248126426
0.7379517423375039
0.7640429865927064
0.938605473555631
0.9829553338119682
1.0471632177554842
0.9313785011139734
0.8149821530326189
0.7418283834316622
0.7522205746356663
0.7760863091557628
0.940350345451324
0.9703829128863998
1.0232298576765357
0.9168572392974005
0.8184794431843262
0.7505561248040181
0.7670991766165838
0.7883840802341265
0.9414042377892108
0.9581280216976856
1.0005019915626734
0.9028358083987308
0.8216913761100662
0.7593221376965539
0.782202478235125
0.8003947659369717
0.9413417913181981
0.9461110948097381
0.9794902285488847
0.8898085820296927
0.8248292127878513
0.7680508185763604
0.7970907118475072
0.8116145882878073
0.9399709374129795
0.9343758708466168
0.9605674484971259
0.8781551270736678
0.8280580140915418
0.7766337993264617
0.8113072057244879
0.8216289893354769
0.9373155934222945
0.923051998364655
0.9439548001118584
0.8681173102758755
0.8314813937213338
0.7849414531554851
0.8244366665537245
0.8301582062830678
0.9335665607930503
0.912307641185713
0.929719662315039
0.8597917166996409
0.8351353527854308
0.7928404215053468
0.8361608042970486
0.8370777434660011
0.9290133542592716
0.9023057924808054
0.9177940829723926
0.8531434945190054
0.8389929927347018
0.8002105521856877
0.8462916592430165
0.842408159221479
0.9239765985879979
0.8931738127476314
0.9080087591624956
0.8480373543541148
0.8429791912711888
0.8069573454260035
0.8547753025856887
0.8462817303302598
0.9187560753407106
0.8849889487926598
0.9001320586891941
0.8442756917959936
0.8469910900987789
0.8130186659595524
0.8616712179351111
0.8488995941867219
0.9135999630326225
0.8777771429185073
0.8939050300826392
0.8416342126447711
0.8509189469875738
0.8183661714574165
0.8671190312136405
0.8504915035933865
0.9086930310099113
0.8715201547530301
0.8890677490682126
0.839889373893329
0.8546629681688359
0.8230026672574423
0.8713037519862413
0.8512851026393253
0.9041580255751489
0.8661663326136273
0.8853763307491582
0.8388361309993081
0.8581439991733323
0.8269568087974312
0.8744265988250702
0.8514864819966829
0.9000643416140053
0.861641815704367
0.8826121781369756
0.8382971833547126
0.8613080826093594
0.8302765087834499
0.8766841423530697
0.8512705393584018
0.8964394952556873
0.8578604143064652
0.880585708565676
0.8381259852239661
0.8641262015973918
0.8330221813521314
0.8782555438171676
0.850778414440497
0.89328059541579
0.8547314637854146
0.8791365802641361
0.8382057961545758
0.8665909712692292
0.8352606354830849
0.8792962616058112
0.8501192878661966
0.8905643691463518
0.8521655651923591
0.8781319182204282
0.8384465773400644
0.8687118919496748
0.8370600853670005
0.8799362745148771
0.8493744162011951
0.888255202267677
0.8500784352808722
0.8774635322870994
0.8387809811840121
0.8705103554795123
0.83848644329189
0.8802811028009614
0.848601963871652
0.886311181358018
0.848393212857543
0.8770447411113774
0.839160205457482
0.8720151330911188
0.8396008415770818
0.880414330127254
0.8478417747128029
0.8846883804078548
0.8470415889514863
0.8768071642595864
0.8395501378839085
0.8732586913592485
0.8404582024428967
0.8804007471671462
0.8471196432141943
0.8833437272974562
0.8459640956402912
0.8766976880728496
0.8399279900842335
0.8742744199883123
0.8411066236385757
0.8802895740357503
0.8464509123907437
0.8822367861403547
0.845109832567338
0.8766757143889452
0.8402794822382298
0.8750947021929613
0.8415873489301712
0.8801174600671049
0.8458433791443851
0.8813307497837715
0.8444358489141677
0.8767107413835353
0.8405965629070602
0.875749687358424
0.8419351227924932
0.8799111187908488
0.8452995664787627
0.8805928808032005
0.8439063415962513
0.8767802880530344
0.8408756100515041
0.8762666071842394
0.842178770218968
0.8796895537014617
0.8448184543074144
0.8799945841068602
0.8434917822670286
0.8768681502138047
0.8411160440200023
0.8766694871077579
0.8423418844084508
0.8794658856927768
0.8443967670606808
0.8795112463844911
0.8431680476123727
0.8769629617393992
0.8413192811938297
0.8769791283867959
0.8424435415380644
0.8792488208685507
0.8440299096381211
0.879121939041048
0.8429155988256594
0.8770570272523244
0.841487961841401
0.8772132631103641
0.84249899084177
0.8790438085444529
0.8437126310228211
0.8788090515814028
0.8427187356493879
0.8771453896447666
0.841625393794478
0.8773868095082511
0.842520289820261
0.8788539407877585
0.8434394812297934
0.8785579003473072
0.8425649362906671
0.8772250961262916
0.8417351626262449
0.8775121760751676
0.842516869624453
0.8786806413511539
0.8432051142990938
0.8783563415215503
0.8424442852960382
0.8772946288285187
0.8418208678699602
0.8775995797030747
0.8424960258091386
0.878524186110755
0.843004478675732
0.8781944059875391
0.8423489857761342
0.8773534694598808
0.8418859528496276
0.8776573555523655
0.8424633360295652
0.8783840907098576
0.8428329268092654
0.8780639657822427
0.8422729491481186
0.8774017714621288
0.8419336026416016
0.8776922454513171
0.8424230099417013
0.8782593948999786
0.8426862680981445
0.8779584365701716
0.8422114540154311
0.8774401171386487
0.8419666904975076
0.8777096579245542
0.8423781784223457
0.8781488674731932
0.8425607831955702
0.8778725170827884
0.8421608653466112
0.8774693410292417
0.8419877577972753
0.8777138971849836
0.8423311298850057
0.8780511508528646
0.8424532129360736
0.8778019642793461
0.8421184053338644
0.8774904042413427
0.8419990163853119
0.8777083611389651
0.8422835013868133
0.8779648603677646
0.8423607314893112
0.8777434016994357
0.8420819679212758
0.8775043074455211
0.8420023651117196
0.8776957100926532
0.8422364317147876
0.8778886499198613
0.8422809105781185
0.8776941578098372
0.8420499697997772
0.877512032790016
0.8419994146930124
0.8776780087431884
0.842190682915978
0.8778212530811823
0.8422116795229716
0.8776521308937691
0.842021231545749
0.8775145071080818
0.8419915167508333
0.8776568444378717
0.8421467359303403
0.8777615065238431
0.8421512843389767
0.8776156770427562
0.8419948834541431
0.8775125805237565
0.8419797941946688
0.8776334247639923
0.8421048651802798
0.8777083610059218
0.8420982479887539
0.8775835179875769
0.8419702914391372
0.877507015955672
0.8419651710801704
0.8776086574159095
0.8420651962145137
0.8776608838231368
0.8420513330857395
0.8775546657733513
0.841946999121184
0.8774984861264022
0.8419484007761638
0.8775832150592497
0.8420277498205395
0.8776182556188354
0.842009507769554
0.8775283615968756
0.841924682878667
0.8774875755541933
0.8419300917737695
0.8775575876306563
0.8419924754194824
0.8775797636637968
0.8419719150778766
0.8775040264488417
0.8419031172139038
0.877474785678368
0.8419107308199355
0.8775321242135344
0.8419592760400071
0.8775447931220373
0.8419378458715878
0.8774812215200204
0.8418821482710445
0.8774605417879445
0.8418907032941597
0.8775070663369336
0.841928026729782
0.8775128173699451
0.841906715196404
0.8774596166263271
0.8418616737545019
0.8774452008152342
0.8418703109013331
0.877482574271136
0.8418985878964576
0.8774833881002996
0.8418780418584401
0.8774389651760429
0.8418416278392945
0.877429059351668
0.8418497868484008
0.8774587476446463
0.8418708147667796
0.8774561256947354
0.8418514309330705
0.8774190844412938
0.8418219699478507
0.8774123614607504
0.8418293087252764
0.8774356414880935
0.841844563903786
0.8774307101670679
0.841826558901433
0.8773998401041276
0.8418026764998005
0.8773953060226619
0.84180900933409
0.8774132786190967
0.8418196975199129
0.8774068728504762
0.8418031611060599
0.8773811342276359
0.8417837349299484
0.8773780534590986
0.8417889857149154
0.8773916591188203
0.841796086160692
0.8773843889095848
0.8417810212285484
0.8773628959551129
0.841765139422034
0.877360731767358
0.841769306607569
0.8773707675115903
0.8417736102030954
0.8773630706962687
0.8417599625122503
0.8773450743698502
0.8417468879281388
0.8773434418474144
0.8417500185729042
0.8773505781434697
0.8417521605086816
0.8773427619264729
0.8417398404777118
0.8773276330558036
0.841728980141126
0.8773262621420006
0.8417311509766492
0.8773310591580874
0.8417316384895652
0.8773233326291947
0.8417205369052709
0.8773105459891171
0.841711416164774
0.8773092526318103
0.8417127200168241
0.8773121753887467
0.8417119557808701
0.8773046748044508
0.8417019548859522
0.8772937944644491
0.8416941956871226
0.8772924582412092
0.8416947319535492
0.8772938904199341
0.8416930336631419
0.8772866987194697
0.8416840147674873
0.8772773648202279
0.8416773175102042
0.8772759117149089
0.8416771856788571
0.877276168018598
0.841674802339451
0.877269329771313
0.841666650846147
0.8772612467763987
0.8416607793263778
0.8772596360280502
0.841660074744322
0.8772589730918406
0.8416572001421928
0.8772525058455855
0.8416498086767822
0.8772454322379434
0.841644577660094
0.877243646389491
0.8416433889464913
0.8772422722935822
0.8416401727220465
0.8772361751053708
0.8416334428928328
0.8772299144493846
0.8416287079158544
0.8772279518948493
0.8416271155541772
0.8772260343745548
0.8416236722545735
0.8772202941497983
0.8416175154451296
0.8772146874112606
0.8416131644898461
0.8772125568806939
0.8416112402477439
0.8772102303483157
0.8416076566873777
0.877204826487559
0.8416019941831511
0.8771997454896834
0.8415979409152624
0.877197462026039
0.8415957478284614
0.8771948335283459
0.8415920890414971
0.8771897412772781
0.8415868517152029
0.8771850831664544
0.8415830300207551
0.8771826652419328
0.8415806227456808
0.8771798194777902
0.841576936774108
0.8771750122920126
0.8415720644948688
0.8771706948896723
0.8415684240883813
0.8771681623844645
0.8415658494808286
0.8771651659026387
0.8415621712049326
0.8771606170713734
0.8415576120904005
0.8771565749947031
0.8415541150024309
0.8771539478219931
0.8415514128198539
0.8771508525109959
0.841547767005588
0.8771465362296399
0.8415434766014391
0.8771427176731885
0.8415400943841639
0.8771400148824295
0.8415372980396237
0.8771368608547443
0.8415337017490246
0.8771327528929551
0.8415296421940366
0.8771291169735584
0.8415263537099866
0.8771263562028796
0.8415234910286605
0.8771231741651004
0.8415199555149427
0.8771192522427943
0.8415160947303348
0.8771157668210086
0.8415128844123468
0.8771129640000657
0.841509978358445
0.8771097771898264
0.8415065105463927
0.8771060211467439
0.8415028214737722
0.8771026610485142
0.841499677963747
0.8770998302769466
0.8414967473180598
0.8770966560373882
0.8414933509524883
0.8770930478604209
0.841489810854366
0.8770897934329485
0.8414867259449814
0.8770869469784256
0.8414837859221855
0.8770837980311258
0.841480462452182
0.8770803217874115
0.8414770522816636
0.8770771577321761
0.8414740200991025
0.877074306106595
0.8414710829002046
0.8770711915751779
0.8414678321542399
0.8770678332860538
0.841464535995422
0.8770647477206732
0.8414615523728014
0.8770618998041367
0.8414586276723769
0.8770588260329244
0.8414554483688746
0.8770555735142465
0.8414522529460707
0.877052557222006
0.8414493149469245
0.8770497204128056
0.8414464103176151
0.8770466916179275
0.8414433004468701
0.8770435343047563
0.8414401946986672
0.8770405801373018
0.8414373002577814
0.8770377605127374
0.8414344215362427
0.8770347792968924
0.8414313786424366
0.8770317080649169
0.8414283533553354
0.8770288104695118
0.8414255010107998
0.8770260129469766
0.8414226526102448
0.8770230807039795
0.8414196739964489
0.8770200876960578
0.841416721492243
0.8770172423432374
0.8414139101879059
0.8770144708348804
0.8414110953628207
0.8770115880654689
0.841408178237113
0.8770086665283773
0.8414052921080011
0.8770058700205485
0.8414025210498863
0.8770031275773144
0.8413997421185097
0.8770002941338929
0.8413968836954765
0.8769974382684103
0.84139405858106
0.8769946879129749
0.8413913271347749
0.8769919768556484
0.8413885856647537
0.8769891921306028
0.8413857832335417
0.8769863969562143
0.8413830146341809
0.8769836905902088
0.8413803222531976
0.8769810126265549
0.8413776192154591
0.8769782756957645
0.8413748701830582
0.8769755369304605
0.8413721543044969
0.8769728727858321
0.8413695004814289
0.8769702291138373
0.8413668363768818
0.8769675388449831
0.8413641382933349
0.8769648527996677
0.8413614719179999
0.8769622294005873
0.8413588561527987
0.8769596207982244
0.8413562311159966
0.8769569759316113
0.8413535816866536
0.8769543394183587
0.8413509620675554
0.8769517555035966
0.8413483838479741
0.8769491824060662
0.8413457977313796
0.8769465816140749
0.8413431948200963
0.876943991867016
0.8413406195937432
0.8769414463318043
0.8413380783845275
0.8769389088973911
0.8413355308265749
0.8769363508274362
0.8413329724527663
0.876933805435195
0.8413304395679797
0.8769312972880655
0.8413279348061237
0.8769287954537984
0.8413254252858272
0.8769262787587276
0.8413229096175442
0.8769237756069732
0.8413204172774997
0.8769213039382129
0.8413179483715911
0.8769188374664939
0.8413154762520545
0.8769163608254281
0.8413130015966731
0.8769138980484127
0.8413105482118781
0.8769114620072574
0.8413081145440675
0.8769090305246036
0.8413056791068885
0.8769065926566506
0.8413032439005418
0.876904168596478
0.8413008280508306
0.8769017673748641
0.8412984289803757
0.8768993704039524
0.8412960294526268
0.8768969700766631
0.841293632249199
0.8768945832492894
0.841291252653097
0.8768922160706266
0.8412888875207273
0.8768898530564997
0.8412865230959339
0.8768874890904044
0.8412841625561384
0.876885138157327
0.8412818180462464
0.8768828042688152
0.8412794861788392
0.8768804746001981
0.8412771560331078
0.8768781458706748
0.8412748309140274
0.876875829615452
0.8412725204172945
0.87687352828314
0.8412702211325023
0.8768712313096233
0.8412679244367754
0.876868936746783
0.8412656335820721
0.8768666540556702
0.8412633561040183
0.8768643845612891
0.8412610887146298
0.8768621196071266
0.8412588246438605
0.8768598581944125
0.8412565669747818
0.8768576080403782
0.8412543215868963
0.8768553696796281
0.841252085404806
0.8768531360546045
0.8412498531446962
0.8768509068266135
0.8412476276519173
0.8768486882562139
0.8412454134816161
0.8768464803378143
0.8412432078213213
0.8768442773458434
0.8412410065731505
0.8768420793856022
0.8412388123094656
0.8768398915082455
0.8412366285320778
0.8768377133536615
0.841234452713696
0.876835540299412
0.8412322816976684
0.8768333727354185
0.8412301177714826
0.8768312147145175
0.8412279636038646
0.8768290656580079
0.8412258169556709
0.8768269218519958
0.8412236754131142
0.8768247838552337
0.8412215409827036
0.876822654901002
0.8412194156781319
0.8768205342899138
0.8412172975386438
0.8768184190523113
0.8412151847333407
0.8768163098332264
0.8412130790018
0.8768142091967991
0.8412109818458862
0.8768121163918788
0.8412088915655357
0.8768100290553322
0.8412068067843912
0.876807947860999
0.8412047289952188
0.8768058748295449
0.8412026593026171
0.876803809205353
0.8412005962450525
0.876801749116983
0.8411985387982812
0.8767996952284123
0.8411964882315175
0.87679764912121
0.8411944453432612
0.8767956100664033
0.8411924088863282
0.8767935765892088
0.8411903781072793
0.8767915493188349
0.8411883540761501
0.8767895294839857
0.8411863373574778
0.8767875164016127
0.8411843268939138
0.8767855089153194
0.8411823221386486
0.8767835076047008
0.8411803239866333
0.8767815134164091
0.8411783328252005
0.876779525724153
0.8411763477630995
0.8767775436256926
0.8411743684097895
0.8767755676434187
0.8411723955080738
0.8767735984997969
0.8411704293124602
0.8767716356299994
0.8411684690755329
0.8767696783337452
0.8411665145237494
0.8767677270735352
0.8411645662690019
0.8767657823946574
0.8411626244674496
0.8767638437944588
0.8411606884951227
0.8767619107321281
0.8411587581650535
0.8767599836111172
0.841156833977488
0.8767580628375027
0.8411549160168236
0.876756147968708
0.8411530037642004
0.8767542385892368
0.8411510970958354
0.8767523350463918
0.8411491964175083
0.8767504376376226
0.8411473017622038
0.8767485459766574
0.8411454126999227
0.8767466597458545
0.8411435291522262
0.8767447792406127
0.8411416514455478
0.876742904674188
0.8411397795768885
0.876741035711888
0.8411379131908976
0.8767391721120119
0.8411360522409892
0.8767373141229851
0.8411341969874031
0.87673546189333
0.841132347402749
0.8767336151347408
0.8411305031940102
0.8767317736640761
0.8411286643363628
0.8767299376879488
0.841126831035184
0.8767281073055142
0.841125003247295
0.8767262822696203
0.8411231807314444
0.876724462441948
0.8411213634771122
0.8767226479924011
0.841119551644487
0.876720838982912
0.8411177451809003
0.8767190352023543
0.8411159438878716
0.8767172365464695
0.8411141477637489
0.8767154431533106
0.841112356931731
0.8767136550570049
0.8411105713341878
0.8767118720777497
0.8411087908078095
0.8767100941368994
0.8411070153559255
0.8767083213451663
0.8411052450716358
0.8767065537162296
0.8411034798955414
0.8767047910972305
0.8411017196931252
0.8767030334286147
0.841099964469973