1.3389240880666933
1.3388750545970785
1.3388260251505473
1.3387769997268026
1.338727978325546
1.338678960946479
1.3386299475893044
1.338580938253724
1.3385319329394392
1.3384829316461526
1.3384339343735658
1.3383849411213813
1.3383359518893008
1.3382869666770263
1.3382379854842599
1.3381890083107033
1.338140035156059
1.3380910660200285
1.3380421009023142
1.337993139802618
1.3379441827206415
1.337895229656087
1.3378462806086568
1.337797335578052
1.3377483945639759
1.3376994575661294
1.3376505245842145
1.3376015956179341
1.3375526706669891
1.3375037497310824
1.3374548328099156
1.3374059199031902
1.3373570110106097
1.3373081061318741
1.3372592052666867
1.3372103084147493
1.3371614155757636
1.3371125267494317
1.3370636419354556
1.3370147611335372
1.3369658843433787
1.3369170115646816
1.3368681427971487
1.3368192780404813
1.336770417294382
1.3367215605585516
1.336672707832693
1.336623859116509
1.3365750144096997
1.3365261737119682
1.336477337023016
1.3364285043425461
1.336379675670259
1.336330851005858
1.3362820303490446
1.3362332136995203
1.3361844010569874
1.3361355924211484
1.3360867877917044
1.336037987168358
1.335989190550811
1.3359403979387652
1.3358916093319229
1.335842824729986
1.3357940441326566
1.335745267539636
1.335696494950627
1.3356477263653312
1.3355989617834503
1.3355502012046867
1.3355014446287423
1.3354526920553191
1.335403943484119
1.335355198914844
1.3353064583471963
1.3352577217808774
1.3352089892155896
1.3351602606510347
1.3351115360869148
1.335062815522932
1.3350140989587882
1.3349653863941848
1.3349166778288246
1.3348679732624091
1.3348192726946406
1.3347705761252209
1.334721883553852
1.334673194980236
1.3346245104040741
1.3345758298250696
1.3345271532429237
1.3344784806573382
1.3344298120680154
1.3343811474746572
1.3343324868769662
1.334283830274643
1.3342351776673902
1.33418652905491
1.3341378844369047
1.3340892438130758
1.3340406071831254
1.333991974546755
1.3339433459036676
1.333894721253564
1.3338461005961468
1.333797483931118
1.3337488712581795
1.3337002625770338
1.3336516578873818
1.3336030571889261
1.3335544604813685
1.3335058677644112
1.3334572790377561
1.3334086943011054
1.3333601135541604
1.3333115367966237
1.3332629640281968
1.3332143952485824
1.3331658304574816
1.3331172696545972
1.3330687128396308
1.3330201600122842
1.3329716111722596
1.3329230663192588
1.332874525452984
1.3328259885731373
1.3327774556794205
1.332728926771535
1.3326804018491836
1.332631880912068
1.3325833639598903
1.3325348509923525
1.3324863420091564
1.3324378370100038
1.3323893359945973
1.3323408389626383
1.3322923459138294
1.3322438568478714
1.3321953717644677
1.3321468906633191
1.3320984135441287
1.3320499404065975
1.3320014712504282
1.3319530060753226
1.3319045448809825
1.3318560876671097
1.3318076344334069
1.3317591851795754
1.3317107399053176
1.331662298610335
1.3316138612943302
1.3315654279570048
1.3315169985980613
1.3314685732172007
1.3314201518141262
1.3313717343885385
1.3313233209401407
1.3312749114686344
1.3312265059737214
1.3311781044551037
1.331129706912484
1.3310813133455632
1.3310329237540441
1.3309845381376286
1.3309361564960183
1.3308877788289155
1.3308394051360222
1.3307910354170402
1.3307426696716718
1.3306943078996185
1.3306459501005832
1.3305975962742669
1.3305492464203723
1.3305009005386006
1.3304525586286549
1.3304042206902367
1.3303558867230478
1.3303075567267904
1.330259230701166
1.330210908645878
1.330162590560627
1.3301142764451155
1.3300659662990455
1.330017660122119
1.3299693579140381
1.3299210596745046
1.3298727654032205
1.3298244750998882
1.3297761887642099
1.3297279063958867
1.329679627994621
1.329631353560115
1.329583083092071
1.3295348165901901
1.3294865540541752
1.3294382954837278
1.3293900408785502
1.3293417902383444
1.3292935435628122
1.329245300851656
1.3291970621045774
1.3291488273212788
1.329100596501462
1.3290523696448289
1.329004146751082
1.3289559278199228
1.3289077128510534
1.3288595018441764
1.3288112947989932
1.328763091715206
1.328714892592517
1.328666697430628
1.3286185062292415
1.3285703189880589
1.3285221357067825
1.3284739563851145
1.3284257810227564
1.328377609619411
1.3283294421747798
1.3282812786885652
1.3282331191604686
1.3281849635901928
1.3281368119774397
1.328088664321911
1.328040520623309
1.3279923808813359
1.327944245095693
1.3278961132660834
1.3278479853922083
1.32779986147377
1.3277517415104707
1.3277036255020125
1.3276555134480974
1.327607405348427
1.3275593012027043
1.3275112010106305
1.327463104771908
1.327415012486239
1.327366924153325
1.3273188397728688
1.3272707593445718
1.3272226828681368
1.3271746103432651
1.3271265417696592
1.327078477147021
1.3270304164750528
1.326982359753456
1.3269343069819342
1.3268862581601875
1.3268382132879193