1.4335271165163705
0.9122941396615889
0.8137400694642392
0.893249717226437
0.8930213507108323
0.7953916017476078
0.7146046746164543
0.7401950507287154
0.8076867454736787
0.8261018547970901
0.7786776354761211
0.7098252593822596
0.6697530096558386
0.6668701968641744
0.6795484082898602
0.6844785958604996
0.6704006679779728
0.6408707013234399
0.6083217794633964
0.5832802494288025
0.5676670300583602
0.5573738804872013
0.5464137460353715
0.5310959063590639
0.5224388702767297
0.5357974251168307
0.5570555593615808
0.5566491288200534
0.5338628653587583
0.5153117264804561
0.5135770566512151
0.5160661688538455
0.5134497273482124
0.5093375970179054
0.5087918950288327
0.511213434879379
0.5121848889055648
0.5093656715627277
0.5053486532931949
0.5043249567990216
0.5066390467799806
0.5080756146055818
0.5053459356114378
0.5003843386577712
0.4973579021712993
0.4972280240291705
0.49763729442700116
0.49701033134800565
0.49637954565057846
0.4970119023064188
0.498021813940984
0.49760837972886696
0.49581691594852423
0.4944564743311618
0.4944798112579281
0.49495908240099856
0.4947571430062202
0.49400867219029265
0.49356113312155636
0.4936794380331901
0.49387691811356266
0.49375860653438786
0.49349365080745367
0.49341387736119025
0.49349439748808394
0.49341613740378215
0.49302593309283965
0.4925560149280627
0.492340198863468
0.492413729948669
0.4925166349763225
0.49246207734198216
0.49233619905721004
0.4922914881693231
0.4923056486024985
0.4922534211703903
0.4921179530090462
0.49200671144267216
0.4919837005971804
0.49198655160310406
0.4919306310511964
0.49182746486489104
0.49175597264178506
0.4917505281322511
0.49176603515917056
0.4917482682358187
0.49169818490424244
0.49165174634849895
0.4916221654009344
0.49158921073619255
0.4915389836621121
0.49148797536876065
0.4914590622669132
0.4914495598052963
0.49143655045025664
0.49140758007713914
0.49137309225801123
0.4913479591654866
0.4913315767310379
0.49131229316209407
0.49128516607646266
0.4912567712428048
0.49123360856053155
0.49121344397714
0.49119074167286686
0.49116572011623866
0.49114364113933406
0.4911268131301765
0.49111137780474
0.4910926182333959
0.49107062951444386
0.49104908830147814
0.4910300386283542
0.49101206447100665
0.49099329019093096
0.49097412664525153
0.49095617569950056
0.4909396225678355
0.49092305116808854
0.49090556850488676
0.49088793751232535
0.49087129595124784
0.4908555547229586
0.4908396663829469
0.49082310294245757
0.4908064156145738
0.49079034186145415
0.49077489841730937
0.4907596045558805
0.4907442646491706
0.49072914268726175
0.49071443716586194
0.4906999370790984
0.49068532452001473
0.490670613707672
0.4906561029729444
0.49064196647044217
0.4906280709832178
0.49061421052570664
0.49060037698693726
0.49058671591609015
0.49057329616219836
0.4905600345973906
0.4905468388122993
0.49053372874645645
0.4905207771982362
0.4905079871712056
0.4904952889912587
0.49048264400480657
0.4904700966975214
0.4904577105151358
0.4904454879752353
0.4904333796970258
0.4904213533206399
0.49040942303545454
0.4903976126972568
0.4903859170947095
0.4903743132403576
0.49036279517601933
0.49035137920242955
0.49034007689828024
0.49032887812996445
0.49031776590772436
0.4903067383615625
0.4902958074780461
0.49028498000826093
0.4902742483555729
0.49026360115431084
0.49025303600066783
0.4902425578090103
0.49023216851250007
0.49022186377185684
0.49021163946583446
0.49020149684716813
0.49019143916836155
0.4901814656267498
0.4901715713352264
0.4901617525969915
0.4901520098185203
0.4901423447713541
0.49013275681605134
0.4901232431002738
0.4901138015647678
0.4901044322187388
0.4900951354157594
0.4900859101011795
0.4900767544055402
0.49006766729824985
0.4900586488008689
0.49004969866797626
0.49004081556775164
0.4900319978164729
0.4900232444854866
0.4900145554031043
0.49000593026516376
0.48999736816038425
0.4899888680003408
0.4899804290685701
0.4899720509314738
0.4899637329753498