1.6197746133866178
1.183208912119871
0.9892284561367747
0.880175543283273
0.8125451642825516
0.7676277155753485
0.7360256803903935
0.7127085201528093
0.6948191879210414
0.6806449820103562
0.6691098330350198
0.659509781524872
0.6513679398048889
0.6443512784738814
0.6382209483894491
0.6328015703068217
0.6279616552890084
0.6236007732656769
0.6196409332262721
0.6160206614785102
0.6126908497439119
0.6096117895634093
0.6067510178001112
0.6040817269138937
0.601581575165781
0.5992317844601018
0.5970164480552423
0.594921993447993
0.5929367614093004
0.5910506729566976
0.5892549636074264
0.5875419696135042
0.585904954724528
0.5843379688154171
0.5828357317654184
0.5813935374944763
0.5800071742012104
0.5786728577068201
0.5773871754647856
0.5761470392998799
0.5749496453298957
0.5737924398274613
0.5726730900178968
0.5715894589974961
0.5705395841063459
0.5695216582094257
0.5685340134358488
0.5675751070036861
0.5666435088207815
0.5657378906032564
0.5648570162954075
0.5639997336092047
0.5631649665300844
0.5623517086593096
0.5615590172827867
0.5607860080725718
0.5600318503409908
0.5592957627787818
0.5585770096183482
0.557874897171373
0.5571887706969749
0.5565180115624527
0.5558620346636788
0.5552202860764676
0.554592240913906
0.5539774013677713
0.5533752949148534
0.5527854726713364
0.5522075078803924
0.5516409945198907
0.5510855460186309
0.5505407940708259
0.5500063875397021
0.5494819914420924
0.5489672860067631
0.5484619657999956
0.5479657389126084
0.5474783262032079
0.5469994605929791
0.546528886407785
0.5460663587637686
0.5456116429929994
0.5451645141060465
0.544724756288638
0.5442921624298314
0.5438665336793458
0.5434476790319195
0.5430354149367352
0.5426295649301268
0.5422299592899291
0.5418364347099713
0.5414488339933302
0.54106700576308
0.5406908041893662
0.5403200887317278
0.5399547238956749
0.5395945790026012
0.5392395279721828
0.5388894491164753
0.5385442249449807
0.5382037419800059
0.5378678905816843
0.5375365647820773
0.5372096621278083
0.5368870835307274
0.5365687331261306
0.5362545181380949
0.5359443487515179
0.5356381379904787
0.5353358016025601
0.5350372579487963
0.5347424278989323
0.5344512347317008
0.5341636040398402
0.5338794636395949
0.5335987434844556
0.5333213755829107
0.5330472939199962
0.5327764343824417
0.5325087346872229
0.5322441343133445
0.5319825744366834
0.5317239978677363
0.5314683489921227
0.5312155737137021
0.5309656194001752
0.530718434831042
0.5304739701478017
0.530232176806282
0.5299930075309925
0.5297564162714049
0.5295223581600635
0.5292907894724418
0.5290616675884559
0.5288349509555602
0.5286105990533491
0.5283885723595906
0.5281688323176299
0.5279513413050952
0.5277360626038463
0.5275229603711096
0.527311999611744
0.5271031461515885
0.5268963666118378
0.5266916283844059
0.526488899608228
0.5262881491464626
0.5260893465645521
0.525892462109104
0.5256974666875595
0.5255043318486109
0.5253130297633394
0.5251235332070402
0.5249358155417062
0.5247498506991419
0.5245656131646819
0.5243830779614863
0.5242022206353929
0.5240230172402982
0.5238454443240493
0.5236694789148236
0.5234950985079776
0.5233222810533436
0.5231510049429601
0.5229812489992138
0.5228129924633813
0.5226462149845508
0.5224808966089103
0.5223170177693897
0.5221545592756401
0.5219935023043385
0.5218338283898059
0.5216755194149251
0.5215185576023493
0.5213629255059877
0.5212086060027598
0.5210555822846059
0.5209038378507493
0.5207533565001928
0.5206041223244491
0.5204561197004902
0.5203093332839134
0.5201637480023091
0.5200193490488315
0.5198761218759576
0.5197340521894303
0.5195931259423828
0.5194533293296316
0.5193146487821354
0.5191770709616156
0.5190405827553297
0.5189051712709941
0.5187708238318508
0.5186375279718733
0.518505271431106
0.5183740421511347
0.5182438282706813
0.5181146181213196
0.5179864002233103
0.5178591632815462
0.5177328961816099
0.5176075879859352
0.5174832279300734
0.5173598054190565
0.5172373100238586
0.5171157314779492
0.516995059673936
0.516875284660297
0.5167563966381946
0.5166383859583739
0.5165212431181382
0.5164049587584032
0.5162895236608239
0.5161749287449963
0.516061165065725
0.5159482238103642
0.515836096296219
0.5157247739680152
0.5156142483954278
0.5155045112706714
0.5153955544061493
0.5152873697321568
0.5151799492946433
0.5150732852530244
0.5149673698780481
0.51486219554971
0.5147577547552187
0.5146540400870075
0.514551044240794
0.5144487600136822
0.5143471803023113
0.5142462981010438
0.5141461065001978
0.5140465986843172
0.5139477679304821
0.5138496076066573
0.5137521111700766
0.5136552721656643
0.5135590842244915
0.5134635410622653
0.5133686364778528
0.5132743643518363
0.5131807186450996
0.5130876933974468
0.512995282726248
0.5129034808251165
0.5128122819626133
0.5127216804809788
0.5126316707948917
0.5125422473902549