1.8429053188957205
1.0243477765889415
0.8311968082742209
0.7558558917102399
0.7129609623400637
0.6858489218738193
0.6676305339274728
0.6544039890645723
0.6440013886206324
0.6353377504028712
0.6278839759968998
0.6213507048926736
0.615550926110011
0.610350640465026
0.605649701038393
0.6013715499645103
0.5974564102705555
0.593856583575183
0.5905332305055254
0.5874541735450813
0.5845923750211054
0.5819248513123674
0.5794318734710859
0.5770963638041785
0.5749034319134236
0.5728400125668917
0.570894579156541
0.5690569140152869
0.5673179220530435
0.5656694778093312
0.5641042986024288
0.5626158383061941
0.5611981976234885
0.5598460477001043
0.5585545646404572
0.5573193730195358
0.5561364968859769
0.5550023170548121
0.5539135337211007
0.5528671336057275
0.5518603609853737
0.5508906920697614
0.5499558122777666
0.5490535960351723
0.5481820887745713
0.5473394908651835
0.5465241432393255
0.5457345145146719
0.544969189438562
0.5442268585034744
0.543506308602149
0.5428064146073657
0.5421261317755294
0.5414644888853932
0.5408205820337644
0.5401935690191747
0.5395826642524251
0.5389871341398514
0.5384062928912212
0.5378394987094883
0.5372861503243127
0.5367456838353719
0.5362175698351235
0.5357013107839008
0.5351964386130619
0.5347025125344416
0.5342191170365982
0.5337458600503358
0.5332823712677602
0.53282830060071
0.5323833167658081
0.5319471059846481
0.5315193707887494
0.5310998289199271
0.5306882123176268
0.5302842661855787
0.5298877481308614
0.5294984273691089
0.5291160839901891
0.5287405082792054
0.5283715000881487
0.528008868253961
0.5276524300591479
0.5273020107314381
0.5269574429792919
0.5266185665603544
0.5262852278801989
0.5259572796189468
0.5256345803835532
0.5253169943837451
0.525004391129772
0.5246966451502795
0.5243936357287693
0.524095246657234
0.5238013660056684
0.5235118859062795
0.5232267023513004
0.5229457150034149
0.5226688270178713
0.5223959448754454
0.5221269782254767
0.5218618397382635
0.5216004449661591
0.5213427122127673
0.5210885624096739
0.5208379190002037
0.5205907078297248
0.5203468570420626
0.5201062969816169
0.519868960100807
0.5196347808724985
0.5194036957070879
0.5191756428739494
0.518950562426967
0.5187283961338945
0.5185090874093079
0.5182925812509263
0.5180788241790995
0.5178677641792688
0.5176593506472236
0.5174535343369914
0.5172502673112018
0.5170495028937866
0.5168511956248787
0.5166553012177852
0.5164617765179199
0.5162705794635822
0.5160816690484864
0.5158950052859398
0.5157105491745847
0.5155282626656188
0.515348108631416
0.5151700508354742
0.5149940539036213
0.5148200832964146
0.5146481052826726
0.5144780869140824
0.5143099960008285
0.5141438010881939
0.5139794714340834
0.5138169769874268
0.5136562883674181
0.5134973768435521
0.5133402143164197
0.5131847732992268
0.5130310269000043
0.512878948804475
0.5127285132595518
0.5125796950574335
0.5124324695202753
0.5122868124854087
0.5121427002910832
0.5120001097627109
0.5118590181995909
0.5117194033620922
0.5115812434592767
0.511444517136944
0.5113092034660802
0.5111752819316921
0.5110427324220153
0.5109115352180759
0.5107816709835961
0.5106531207552272
0.5105258659330973
0.5103998882716628
0.5102751698708491
0.5101516931674732
0.5100294409269344
0.5099083962351615
0.5097885424908127
0.5096698633977121
0.5095523429575176
0.5094359654626109
0.5093207154892014
0.5092065778906358
0.5090935377909067
0.5089815805783515
0.5088706918995378
0.508760857653325
0.5086520639850979
0.5085442972811665
0.5084375441633255
0.5083317914835688
0.5082270263189509
0.5081232359665948
0.508020407938838
0.5079185299585115
0.507817589954352
0.507717576056536
0.5076184765923372
0.5075202800819014
0.5074229752341342
0.507326550942699
0.5072309962821214
0.5071363005039963
0.5070424530332939
0.506949443464764
0.5068572615594317
0.5067658972411847
0.5066753405934479