0.8043140410288455
0.837218679891111
1.5726507360652207
1.4933254857356457
1.2884492133911554
1.133329087790266
0.7510951602272626
0.7207910217386435
0.7320510448010882
0.9230677650071322
1.284447826959874
1.3292447150017292
1.0605816725781536
0.9675072731731487
0.7481827683637907
0.7429925883717379
0.8153688872115731
1.0249071436377892
1.2903752719534385
1.2019916456039705
0.9025909879756822
0.8216698587010883
0.7360901793645072
0.7787116023651613
0.9580102169784406
1.168308708076551
1.2363812760028652
1.0861316425772711
0.7883390202798557
0.7165556189191865
0.7008343501511918
0.7821355411972781
1.067417372266918
1.238859992595156
1.1962079172619946
1.0247689516729697
0.747356636921559
0.6815576036639578
0.6808225467481572
0.765155788629129
1.0755124236049451
1.2391078487347775
1.2006581341358844
1.0146460512905608
0.7399628135841725
0.6710762147164625
0.6674653162655128
0.7403814386468139
1.038768315211403
1.2192847491296817
1.2290806779434387
1.0236859736663912
0.741186408971213
0.6662345313409221
0.6555617055846528
0.713982678139676
0.9886547684280002
1.1895239125899475
1.2655024686528673
1.0382090349894877
0.7465954829536211
0.6652434543443221
0.6479471102499835
0.6939577453701471
0.9432640167146003
1.1531717728127922
1.2898338991142444
1.0490517618173079
0.7556074628974832
0.6686763292576826
0.6471572518788038
0.6851110542329877
0.9151811754203809
1.1185035218810009
1.2891908847186
1.0514846070914095
0.766588712223356
0.6753991036834018
0.6520189120790403
0.6853435138242181
0.9031507552055109
1.0901353163342296
1.2691325269720564
1.0463140591417297
0.7773848797110481
0.6834783062290096
0.6599490445770099
0.690408860499565
0.8999754113564199
1.067227885938204
1.240725983057059
1.0363638477502095
0.7869615843386383
0.6918526168306265
0.6694338661984434
0.6978859129755121
0.9010813371807972
1.0481740134584692
1.2100363915276833
1.0236554154315187