1.6068247218998462
1.0571808636197233
0.8840998944808862
0.8089533825178448
0.7657806192146126
0.7368905778438914
0.7158046420797262
0.6995500353710131
0.6865334307520848
0.6758062907810893
0.6667621120083992
0.6589930761847304
0.6522145372684858
0.6462219244264684
0.6408646290987133
0.6360294518887422
0.6316297370450537
0.627598039811911
0.6238810641600832
0.6204361000487486
0.6172284736481318
0.6142296949444379
0.6114160933948402
0.6087678001192182
0.6062679793928739
0.6039022416694502
0.6016581902946395
0.599525067746946
0.59749347674407
0.595555158231161
0.5937028130088136
0.5919299571582732
0.5902308038811058
0.5886001661660687
0.5870333760176945
0.5855262169622946
0.5840748672814127
0.5826758519767974
0.581326001892291
0.5800224187409677
0.57876244503527
0.5775436381119993
0.576363747596168
0.5752206957678591
0.5741125603917319
0.5730375596452466
0.5719940388432196
0.5709804587061881
0.5699953849607025
0.5690374790929577
0.5681054901045941
0.5671982471422071
0.566314652890962
0.5654536776384894
0.564614353928445
0.5637957717342519
0.5629970740929505
0.5622174531470577
0.5614561465491252
0.5607124341894827
0.5599856352126152
0.5592751052918855
0.558580234135981
0.5579004432036414
0.5572351836059597
0.5565839341779388
0.5559461997030531
0.555321509276381
0.5547094147934452
0.5541094895532899
0.5535213269655361
0.5529445393522303
0.552378756836237
0.55182362630877
0.5512788104693843
0.5507439869324126
0.5502188473944053
0.5497030968576557
0.5491964529053478
0.5486986450242809
0.5482094139714896
0.5477285111814115
0.5472556982105491
0.5467907462168378
0.5463334354711757
0.545883554898785
0.5454409016482666
0.5450052806863938
0.5445765044168447
0.5441543923212192
0.5437387706208205
0.5433294719577995
0.5429263350943653
0.5425292046288759
0.542137930727697
0.5417523688718152
0.5413723796172598
0.5409978283684562
0.5406285851637013
0.5402645244720072