0.571818685133795
0.41502868112458463
0.33391818167485376
0.2886829166199249
0.2604890247696806
0.24115228831495492
0.22690641573326556
0.21585028203288437
0.20693544164385008
0.1995383005647396
0.19326401901741305
0.18784939564934594
0.1831113677862962
0.17891803829986985
0.17517152477015147
0.1717973515349825
0.1687376344982963
0.16594655545728756
0.16338726861939143
0.161029731625643
0.1588491502311602
0.15682484055104998
0.15493938182098835
0.15317797535058725
0.15152795247739917
0.14997839195924062
0.1485198189435615
0.14714396556988785
0.145843578713919
0.14461226419837747
0.14344435950727175
0.14233482899348773
0.14127917699469994
0.14027337532468565
0.139313802392442
0.13839719179372614
0.13752058867052813
0.13668131248035864
0.1358769250855479
0.13510520328224387
0.1343641150535694
0.13365179896190874
0.1329665461993363
0.13230678489866976
0.13167106637497897
0.1310580530220307
0.1304665076327266
0.12989528394913344
0.1293433182778056
0.12880962203100468
0.12829327507511717
0.12779341978484127
0.12730925571618032
0.12684003482344533
0.12638505715573503
0.12594366697705514
0.1255152492616235
0.12509922652220534
0.12469505593470084
0.12430222672682574
0.12392025780268988
0.1235486955785022
0.1231871120075851
0.12283510277544642
0.1224922856478806
0.12215829895701215
0.12183280021188268
0.12151546482166638
0.12120598492089203
0.1209040682871915
0.12060943734309604
0.12032182823428524
0.12004098997747463
0.11976668367182015
0.11949868176832795
0.119236767392304
0.11898073371436127
0.11873038336593318
0.11848552789562687
0.118245987263094
0.11801158936740452
0.11778216960718356
0.11755757047002129
0.11733764114888603
0.11712223718347271
0.11691122012459777
0.11670445721991642
0.11650182111938308
0.11630318959901047
0.11610844530160302
0.1159174754932485
0.11573017183445249
0.1155464301648893
0.11536615030082512
0.11518923584434396
0.11501559400357479
0.11484513542318067
0.1146777740244266
0.11451342685419517
0.11435201394236681