0.6557049203372276
0.6513007699476125
0.6450782751378805
0.6372830281339644
0.6281491966711908
0.6178975354625226
0.6067340249659026
0.5948490026652588
0.5824166863225037
0.5695950144287022
0.5565257477546167
0.5433347888018508
0.5301326843396091
0.5170152812440078
0.5040645085925286
0.4913492603226399
0.47892635348991636
0.46684153781873516
0.4551305331983565
0.4438200732331572
0.43292893495532936
0.4224689372901182
0.4124458936975194
0.40286050743771656
0.39370920095442696
0.38498487379190893
0.37667758613830893
0.3687751674357588
0.36126375146663003
0.35412824089755934
0.3473527054462612
0.34092071865830365
0.33481563878272524
0.3290208394647928
0.32351989598208886
0.3182967325860232
0.3133357362205403
0.3086218415134867
0.3041405915078449
0.29987817814738804
0.2958214660757254
0.29195800286512
0.2882760183730255
0.28476441553721427
0.2814127545686939
0.27821123218694793
0.27515065726418947
0.27222242400284064
0.26941848356104586
0.26673131486193014
0.26415389517049603
0.26167967089446387
0.25930252895901634
0.2570167690175001
0.25481707668808523
0.25269849794783683
0.2506564147685367
0.2486865220410755
0.24678480580571396
0.24494752278261833
0.24317118117963485
0.2414525227412736
0.23978850599349566
0.2381762906324205
0.23661322300091514
0.23509682259469952
0.2336247695387069
0.23219489297464047
0.23080516030170942
0.2294536672141746
0.22813862848143868
0.22685836941880524
0.2256113179996308
0.22439599756228248
0.22321102006805746
0.2220550798689351
0.220926947946711
0.2198254665876479
0.21874954445927425
0.21769815205833626
0.21667031750116802
0.21566512262987148
0.21468169940970178
0.2137192265949265
0.21277692664218012
0.21185406285196248
0.21094993672044807
0.21006388548517452
0.20919527984948347
0.20834352187178534
0.2075080430068341
0.2066883022872196
0.2058837846342317
0.20509399928811797
0.2043184783485578
0.20355677541691283
0.2028084643324883
0.20207313799566345
0.20135040727131973
0.20063989996652168
0.1999412598768848
0.19925414589651042
0.1985782311867715
0.1979132023996083
0.1972587589513338
0.1966146123432641
0.1959804855257788
0.19535611230267916
0.1947412367729575
0.19413561280731553
0.193539003556971
0.19295118099248693
0.1923719254705255
0.19180102532659207
0.1912382764919803
0.19068348213326328
0.19013645231280196
0.18959700366885424
0.18906495911397458
0.18854014755049014
0.18802240360192954
0.1875115673593611
0.18700748414167392
0.1865100042689062
0.18601898284778648
0.18553427956871654
0.18505575851347625
0.18458328797298454
0.18411674027449376
0.18365599161764154
0.18320092191882104
0.1827514146633702
0.1823073567651126
0.18186863843281473
0.18143515304315505
0.18100679701982506
0.18058346971840994
0.1801650733167178
0.17975151271024964
0.17934269541252074
0.17893853145996447
0.1785389333211649
0.1781438158101825
0.17775309600375022
0.17736669316213338
0.1769845286534573
0.17660652588132011
0.17623261021551964
0.17586270892573178
0.17549675111799007
0.17513466767382305
0.1747763911919154
0.1744218559321671
0.17407099776203108
0.1737237541050178
0.17338006389126118
0.17303986751004605
0.17270310676420347
0.17236972482628493
0.17203966619643216
0.17171287666186288
0.17138930325789803
0.17106889423045937
0.1707515989999718
0.17043736812660423
0.17012615327679262
0.16981790719098525
0.16951258365255814
0.16921013745784877
0.16891052438725976
0.16861370117738678
0.16831962549412632
0.16802825590672263
0.1677395518627138
0.16745347366373978
0.16716998244217665
0.1668890401385629
0.16661060947978604
0.16633465395799824
0.16606113781023205
0.16579002599868814
0.1655212841916683
0.165254878745129
0.16499077668483045
0.1647289456890586
0.164469354071898
0.16421197076703437
0.16395676531206665
0.16370370783330995
0.16345276903106998
0.16320392016537238
0.16295713304212972
0.16271237999973046
0.16246963389603325
0.16222886809575424
0.16199005645823075
0.16175317332554925
0.1615181935110249
0.1612850922880189
0.16105384537908338
0.1608244289454211
0.16059681957665012
0.160370994280862
0.16014693047496406
0.1599246059752958
0.15970399898851054
0.15948508810271242
0.15926785227884177
0.15905227084229892
0.15883832347479962
0.15862599020645424
0.15841525140806337
0.15820608778362244
0.15799848036302938
0.15779241049498804
0.15758785984010146
0.15738481036414897
0.15718324433154124
0.15698314429894739
0.1567844931090896
0.1565872738846987
0.15639147002262743
0.15619706518811466
0.15600404330919748
0.15581238857126584
0.1556220854117558
0.15543311851497627
0.15524547280706724
0.15505913345108316
0.1548740858421997
0.1546903156030386
0.1545078085791088
0.15432655083435923
0.15414652864684036
0.15396772850447116
0.15379013710090916
0.1536137413315199
0.15343852828944285
0.1532644852617517
0.15309159972570588
0.15291985934509095
0.152749251966645
0.15257976561656914
0.15241138849711963
0.152244108983279
0.15207791561950434
0.15191279711655067
0.15174874234836716
0.15158574034906439
0.1514237803099503
0.15126285157663377
0.15110294364619314
0.15094404616440862
0.15078614892305642
0.15062924185726337
0.15047331504291972
0.15031835869414992
0.15016436316083823
0.15001131892620895
0.1498592166044593
0.14970804693844392
0.1495578007974091
0.1494084691747761
0.14926004318597222
0.1491125140663076
0.14896587316889798
0.14882011196263092
0.14867522203017516
0.14853119506603202
0.1483880228746275
0.14824569736844387
0.14810421056619077
0.14796355459101368
0.14782372166873936
0.1476847041261576
0.14754649438933787
0.14740908498198063
0.1472724685238016
0.14713663772894922
0.14700158540445374
0.14686730444870758
0.1467337878499761
0.1466010286849377
0.1464690201172536
0.14633775539616514
0.14620722785511936
0.1460774309104212
0.1459483580599121
0.14582000288167463
0.1456923590327618
0.14556542024795152
0.14543918033852468
0.14531363319106672
0.1451887727662924
0.14506459309789285
0.1449410882914043
0.14481825252309868
0.144696080038895
0.14457456515329076
0.14445370224831422
0.14433348577249544
0.14421391023985697
0.14409497022892317
0.14397666038174764
0.14385897540295872
0.1437419100588226
0.14362545917632333
0.14350961764225986
0.14339438040235916
0.14327974246040584
0.14316569887738714
0.14305224477065343
0.1429393753130935
0.1428270857323252
0.1427153713098999
0.1426042273805212
0.1424936493312777
0.1423836326008891
0.14227417267896555
0.14216526510528002
0.14205690546905336
0.14194908940825196
0.14184181260889722
0.14173507080438733
0.14162885977483058
0.1415231753463902
0.1414180133906403
0.14131336982393283
0.14120924060677545
0.1411056217432199
0.1410025092802606
0.14089989930724345
0.14079778795528466
0.1406961713966993
0.1405950458444392
0.1404944075515403
0.14039425281057966
0.14029457795314038
0.14019537934928647
0.1400966534070458
0.13999839657190136
0.13990060532629145
0.13980327618911728
0.13970640571525939
0.13960999049510095
0.13951402715405978
0.13941851235212693
0.13932344278341352
0.13922881517570426
0.13913462629001833
0.1390408729201772
0.13894755189237937
0.1388546600647817
0.13876219432708758
0.1386701516001413
0.13857852883552896
0.13848732301518554
0.13839653115100833
0.1383061502844759
0.13821617748627343
0.13812660985592354
0.1380374445214232
0.13794867863888555
0.1378603093921879
0.1377723339926249
0.1376847496785666
0.13759755371512225
0.137510743393809
0.13742431603222552
0.13733826897373064
0.13725259958712666
0.13716730526634768
0.13708238343015253
0.13699783152182196
0.13691364700886074
0.13682982738270394
0.13674637015842753
0.13666327287446356
0.13658053309231916
0.13649814839629976
0.1364161163932365
0.13633443471221754
0.1362531010043231
0.13617211294236478
0.13609146822062806
0.1360111645546191
0.13593119968081477
0.1358515713564165
0.1357722773591076
0.13569331548681388
0.13561468355746784
0.13553637940877647
0.1354584008979917
0.1353807459016847
0.13530341231552295
0.1352263980540508
0.13514970105047264
0.1350733192564398
0.1349972506418396
0.134921493194588
0.1348460449204247
0.13477090384271143
0.13469606800223277
0.13462153545699965
0.13454730428205594
0.13447337256928724
0.13439973842723263
0.1343263999808987
0.13425335537157645
0.13418060275666016
0.13410814030946938
0.13403596621907285
0.13396407869011476
0.13389247594264375
0.1338211562119437
0.13375011774836737
0.13367935881717152
0.13360887769835494
0.1335386726864982
0.1334687420906055
0.13339908423394928
0.1333296974539155
0.1332605801018526
0.13319173054292122
0.13312314715594628
0.13305482833327129
0.13298677248061413
0.13291897801692473
0.13285144337424495
0.13278416699756998
0.13271714734471146
0.13265038288616268
0.13258387210496525
0.13251761349657748
0.13245160556874455
0.13238584684137045
0.13232033584639116
0.13225507112764986
0.13219005124077346
0.13212527475305066
0.13206074024331194
0.1319964463018104
0.13193239153010486
0.13186857454094367
0.1318049939581505
0.13174164841651148
0.13167853656166337
0.13161565704998374
0.1315530085484818
0.13149058973469116
0.13142839929656372
0.13136643593236458
0.13130469835056888
0.13124318526975914
0.13118189541852432
0.13112082753536033
0.13105998036857097
0.13099935267617074
0.1309389432257888
0.13087875079457356
0.130818774169099
0.13075901214527189
0.13069946352824005
0.1306401271323018
0.1305810017808164
0.13052208630611578
0.130463379549417
0.13040488036073603
0.13034658759880238
0.1302885001309748
0.13023061683315804
0.13017293658972032
0.13011545829341217
0.13005818084528603
0.13000110315461647
0.12994422413882198
0.1298875427233873
0.1298310578417864
0.12977476843540697
0.12971867345347535
0.12966277185298225
0.12960706259860985
0.12955154466265906
0.12949621702497807
0.12944107867289173
0.1293861286011313
0.1293313658117657
0.1292767893141327
0.12922239812477168
0.12916819126735668
0.12911416777263032
0.12906032667833842
0.12900666702916552
0.12895318787667104
0.12889988827922594
0.12884676730195055
0.12879382401665257
0.12874105750176618
0.12868846684229168
0.12863605112973556
0.12858380946205183
0.1285317409435832
0.12847984468500362
0.1284281198032612
0.12837656542152137
0.12832518066911158
0.12827396468146543
0.1282229166000684
0.1281720355724039
0.12812132075189933
0.12807077129787356
0.1280203863754846
0.12797016515567777
0.1279201068151344
0.12787021053622147
0.12782047550694123
0.12777090092088172
0.1277214859771681
0.12767222988041346
0.12762313184067137
0.12757419107338833
0.1275254067993566
0.12747677824466788
0.1274283046406673
0.12737998522390792
0.1273318192361058
0.12728380592409522
0.1272359445397849
0.12718823434011423
0.12714067458701003
0.1270932645473441
0.12704600349289077
0.12699889070028503
0.12695192545098144
0.12690510703121277
0.12685843473194983
0.12681190784886112
0.12676552568227328
0.12671928753713158
0.1266731927229614
0.12662724055382935
0.12658143034830546
0.12653576142942521
0.12649023312465257
0.12644484476584264
0.12639959568920542
0.12635448523526946
0.126309512748846
0.12626467757899357
0.1262199790789829
0.12617541660626208
0.12613098952242227
0.12608669719316334
0.1260425389882607
0.12599851428153136
0.1259546224508011
0.12591086287787184
0.1258672349484891
0.12582373805230984
0.12578037158287114
0.12573713493755817
0.12569402751757341
0.12565104872790572
0.12560819797729997
0.12556547467822635
0.12552287824685116
0.12548040810300648
0.12543806367016122
0.12539584437539206
0.1253537496493543
0.12531177892625395
0.12526993164381892
0.12522820724327144
0.12518660516930027
0.1251451248700332
0.12510376579701007
0.12506252740515583
0.12502140915275373
0.12498041050141917
0.1249395309160735
0.12489876986491805
0.12485812681940872
0.12481760125423028
0.12477719264727162
0.12473690047960034
0.1246967242354387
0.12465666340213866
0.12461671747015776
0.1245768859330355
0.12453716828736912
0.12449756403279043
0.1244580726719422
0.12441869371045523
0.12437942665692565
0.12434027102289184
0.12430122632281226
0.1242622920740432
0.12422346779681662
0.12418475301421837
0.12414614725216665
0.1241076500393904
0.12406926090740819
0.12403097939050713
0.12399280502572209
0.12395473735281495
0.12391677591425407
0.1238789202551943
0.12384116992345656
0.12380352446950815
0.1237659834464428
0.12372854640996139
0.12369121291835229
0.12365398253247241
0.12361685481572797
0.12357982933405576
0.12354290565590455
0.12350608335221619
0.12346936199640766
0.12343274116435288
0.12339622043436421
0.1233597993871752
0.12332347760592248
0.12328725467612833
0.12325113018568332
0.12321510372482897
0.12317917488614084
0.12314334326451147
0.12310760845713352
0.12307197006348335
0.12303642768530429
0.12300098092659056
0.12296562939357082
0.12293037269469217
0.12289521044060442
0.12286014224414397
0.12282516772031855
0.12279028648629137
0.12275549816136595
0.12272080236697085
0.1226861987266445
0.12265168686602022
0.1226172664128116
0.12258293699679736
0.12254869824980717
0.12251454980570683
0.1224804913003843
0.12244652237173519
0.12241264265964868
0.12237885180599378
0.12234514945460509
0.12231153525126948
0.12227800884371216
0.12224456988158329
0.12221121801644454
0.12217795290175593
0.12214477419286243
0.12211168154698115
0.12207867462318817
0.12204575308240598
0.12201291658739048
0.12198016480271842
0.12194749739477502
0.12191491403174144
0.12188241438358238
0.12184999812203416
0.1218176649205923
0.12178541445449967
0.12175324640073461
0.12172116043799903
0.1216891562467068
0.12165723350897206
0.12162539190859771
0.121593631131064
0.1215619508635173
0.12153035079475868
0.1214988306152329
0.12146739001701728
0.1214360286938109
0.12140474634092344
0.12137354265526466
0.12134241733533363
0.12131137008120806
0.12128040059453384
0.1212495085785145
0.12121869373790113
0.12118795577898177
0.12115729440957135
0.12112670933900173
0.12109620027811142
0.12106576693923599
0.12103540903619779
0.12100512628429637
0.12097491840029899
0.12094478510243055
0.1209147261103644
0.12088474114521267
0.12085482992951697
0.12082499218723902
0.12079522764375135
0.12076553602582832
0.12073591706163674
0.12070637048072703
0.12067689601402422
0.12064749339381901
0.12061816235375897
0.12058890262883988
0.12055971395539684
0.1205305960710959
0.12050154871492531
0.12047257162718711
0.12044366454948882
0.1204148272247349
0.12038605939711865
0.12035736081211379
0.1203287312164665
0.12030017035818724
0.12027167798654265
0.12024325385204769
0.12021489770645775
0.1201866093027607
0.12015838839516912
0.12013023473911269
0.12010214809123033
0.12007412820936277
0.12004617485254493
0.12001828778099843
0.11999046675612406
0.11996271154049468
0.11993502189784752
0.11990739759307721
0.11987983839222845
0.11985234406248882
0.11982491437218178
0.11979754909075951
0.11977024798879607
0.11974301083798017
0.11971583741110861
0.11968872748207929
0.11966168082588433
0.11963469721860345
0.11960777643739738
0.11958091826050095
0.11955412246721672
0.1195273888379084
0.11950071715399425
0.11947410719794084
0.11944755875325651
0.11942107160448494
0.11939464553719914
0.11936828033799492
0.1193419757944848
0.11931573169529189
0.11928954783004363
0.11926342398936589
0.11923735996487682
0.11921135554918096
0.1191854105358632
0.119159524719483
0.11913369789556842
0.11910792986061046
0.11908222041205704
0.11905656934830769
0.11903097646870736
0.11900544157354125
0.11897996446402888
0.11895454494231862
0.11892918281148235
0.11890387787550964
0.11887862993930264
0.11885343880867051
0.11882830429032397
0.11880322619187025
0.11877820432180755
0.11875323848951991
0.11872832850527201
0.11870347418020392
0.118678675326326
0.11865393175651383
0.11862924328450315
0.11860460972488479
0.11858003089309964
0.11855550660543387
0.11853103667901378
0.11850662093180109
0.118482259182588
0.11845795125099243
0.11843369695745308
0.11840949612322497
0.11838534857037447
0.11836125412177467
0.11833721260110087
0.11831322383282576
0.11828928764221497
0.11826540385532243
0.118241572298986
0.11821779280082279
0.11819406518922476
0.1181703892933544
0.11814676494314025
0.11812319196927244
0.11809967020319856
0.11807619947711917
0.11805277962398356
0.11802941047748566
0.11800609187205965
0.11798282364287574
0.11795960562583624
0.11793643765757111
0.11791331957543416
0.11789025121749881
0.11786723242255401
0.11784426303010037
0.11782134288034608
0.11779847181420286
0.11777564967328218
0.11775287629989131
0.11773015153702932
0.11770747522838333
0.11768484721832473
0.1176622673519052
0.1176397354748531
0.11761725143356956
0.11759481507512498
0.117572426247255
0.11755008479835714
0.11752779057748693
0.11750554343435438
0.1174833432193203
0.11746118978339289
0.11743908297822392
0.11741702265610543
0.11739500866996608
0.11737304087336768
0.11735111912050185
0.11732924326618638
0.117307413165862
0.1172856286755888
0.11726388965204304
0.11724219595251369
0.1172205474348991
0.11719894395770375
0.11717738538003493
0.11715587156159948
0.11713440236270058
0.11711297764423442
0.11709159726768716
0.11707026109513162
0.11704896898922419
0.11702772081320173
0.11700651643087837
0.11698535570664234
0.1169642385054532
0.11694316469283844
0.11692213413489062
0.11690114669826429
0.11688020225017312
0.11685930065838672
0.11683844179122789
0.1168176255175695
0.11679685170683168
0.11677612022897887
0.11675543095451704
0.11673478375449066
0.11671417850047988
0.11669361506459794
0.11667309331948801
0.11665261313832068
0.11663217439479098
0.11661177696311584
0.11659142071803108
0.11657110553478907
0.11655083128915548
0.11653059785740724
0.11651040511632929
0.11649025294321237
0.11647014121585007
0.11645006981253637
0.11643003861206307
0.11641004749371699
0.11639009633727772
0.11637018502301485
0.1163503134316854
0.11633048144453143
0.11631068894327751
0.11629093581012816
0.1162712219277655
0.11625154717934662
0.11623191144850126
0.11621231461932939
0.11619275657639866
0.11617323720474224
0.11615375638985617
0.11613431401769722
0.11611490997468037
0.11609554414767656
0.11607621642401036
0.11605692669145763
0.11603767483824323
0.1160184607530388
0.11599928432496032
0.11598014544356612
0.11596104399885442
0.11594197988126118
0.11592295298165795
0.11590396319134955
0.11588501040207194
0.11586609450599017
0.11584721539569588
0.11582837296420564
0.11580956710495846
0.1157907977118137
0.11577206467904909
0.11575336790135865
0.11573470727385042
0.11571608269204461
0.1156974940518714
0.11567894124966892
0.11566042418218135
0.11564194274655668
0.11562349684034495
0.11560508636149598
0.11558671120835762
0.11556837127967366
0.11555006647458198
0.11553179669261246
0.1155135618336851
0.11549536179810818
0.11547719648657623
0.1154590658001682
0.11544096964034559
0.11542290790895043
0.11540488050820363
0.11538688734070292
0.11536892830942118
0.11535100331770447
0.11533311226927026
0.11531525506820567
0.1152974316189656
0.11527964182637088
0.11526188559560671
0.11524416283222065
0.11522647344212097
0.11520881733157491
0.11519119440720701
0.11517360457599711
0.11515604774527897
0.11513852382273837
0.11512103271641146
0.115103574334683
0.11508614858628487
0.1150687553802942
0.11505139462613177
0.11503406623356051
0.11501677011268355
0.11499950617394293
0.1149822743281177
0.11496507448632264
0.11494790656000616
0.11493077046094921
0.11491366610126347
0.11489659339338971
0.11487955225009638
0.11486254258447799
0.11484556430995348
0.11482861734026481
0.11481170158947546
0.11479481697196865
0.1147779634024462
0.11476114079592668
0.11474434906774415
0.11472758813354667
0.11471085790929458
0.11469415831125934
0.11467748925602185
0.11466085066047121
0.11464424244180299
0.11462766451751798
0.1146111168054208
0.11459459922361838
0.11457811169051861
0.11456165412482887
0.1145452264455547
0.11452882857199839
0.11451246042375755
0.11449612192072389
0.11447981298308163
0.11446353353130638
0.11444728348616362
0.11443106276870735
0.11441487130027898
0.11439870900250573
0.1143825757972995
0.1143664716068554
0.11435039635365066
0.11433434996044307
0.1143183323502699
0.11430234344644659
0.11428638317256533
0.1142704514524939
0.11425454821037456