0.4533333333333333
0.46
0.46
0.46
0.46
0.46
0.46
0.46
0.46
0.46
0.46
0.4666666666666667
0.4666666666666667
0.4666666666666667
0.4666666666666667
0.48
0.48
0.48
0.48
0.48
0.48
0.48
0.48
0.48
0.48
0.48
0.48
0.48
0.48
0.48
0.48
0.48
0.48
0.48
0.48
0.4866666666666667
0.4866666666666667
0.4866666666666667
0.49333333333333335
0.49333333333333335
0.49333333333333335
0.5066666666666667
0.5066666666666667
0.5133333333333333
0.52
0.5266666666666666
0.5333333333333333
0.5333333333333333
0.5333333333333333
0.54
0.54
0.54
0.5466666666666666
0.5533333333333333
0.56
0.56
0.5666666666666667
0.5733333333333334
0.5733333333333334
0.5733333333333334
0.5933333333333334
0.5933333333333334
0.5933333333333334
0.5933333333333334
0.6066666666666667
0.6066666666666667
0.6066666666666667
0.6133333333333333
0.6133333333333333
0.6133333333333333
0.62
0.6266666666666667
0.6333333333333333
0.6333333333333333
0.6333333333333333
0.64
0.6466666666666666
0.6533333333333333
0.66
0.66
0.66
0.6733333333333333
0.6733333333333333
0.6733333333333333
0.6733333333333333
0.6733333333333333
0.68
0.68
0.68
0.68
0.68
0.68
0.68
0.6866666666666666
0.6866666666666666
0.6866666666666666
0.6933333333333334
0.6933333333333334
0.7066666666666667
0.72