0.48251657456219355
0.28479492977462156
0.18986262832760886
0.14884870567143776
0.1299158643464876
0.11995910537944467
0.11382621706643795
0.10950658291498798
0.10625747750858115
0.10383296848369142
0.10215034328218867
0.10115089716236798
0.10075249874632759
0.10084379522581194
0.10129467274767306
0.1019710347539362
0.10274874939850949
0.1035244982210259
0.1042224614602666
0.1047965528713268
0.10522861572562173
0.10552354380803008
0.1057025892177036
0.10579614276830941
0.10583707922769404
0.10585543722779273
0.10587483904009627
0.10591071623391318
0.10597013836905766
0.10605286694772198
0.10615318029124511
0.10626202441145048
0.10636911596008396
0.10646472724349319
0.10654099453067215
0.10659269155471775
0.10661749056140649
0.10661579020597331
0.10659022362708546
0.10654497370472413
0.1064850193270012
0.10641542036262612
0.10634072403691734
0.10626454558368072
0.10618934521790478
0.10611639506448539
0.10604590650444236
0.10597727247444286
0.10590937159814576
0.10584088156106251
0.10577055672430585
0.10569743761206182
0.1056209751076108
0.1055410673867425
0.10545802058038121
0.10537245332049765
0.1052851699346348
0.10519702718500086
0.10510881584983488
0.10502117231762313
0.104934528087192
0.10484909794401677
0.10476490165495449
0.1046818099529461
0.10459960362821118
0.10451803459812757
0.10443687951463575
0.10435597924135609
0.1042752607940836
0.10419474152965062
0.1041145180411373
0.10403474407543141
0.10395560270106377
0.10387727794443605
0.10379993033229373
0.10372367946502471
0.10364859517648324
0.10357469728380173
0.10350196262385689
0.10343033716994567
0.10335975059705702
0.10329013070788338
0.10322141556520523
0.10315356187230258
0.10308654895300454
0.10302037846328191
0.10295507060018952
0.10289065798603172
0.1028271785673253
0.10276466879503467
0.10270315809476929
0.10264266526422193
0.10258319702730197
0.10252474860021693
0.1024673058371073
0.1024108483520747
0.10235535296734002
0.10230079690000217
0.10224716024372925
0.10219442749014714
0.10214258803038512
0.10209163574811181
0.10204156793874206
0.10199238385398038
0.1019440831763978
0.10189666468461459
0.10185012529151165
0.10180445954417738
0.10175965958283616
0.10171571548126714
0.10167261584249478
0.10163034850429395
0.10158890121734118
0.10154826218849067
0.10150842042399388
0.10146936585320977
0.10143108925419018
0.10139358203242432
0.10135683591983989
0.1013208426626552
0.10128559375611519
0.10125108026544591
0.10121729275017334
0.10118422128771182
0.10115185557535195
0.10112018507960047
0.10108919919887088
0.10105888740906242
0.1010292393698473
0.10100024498025603
0.10097189438307991
0.1009441779267592
0.10091708609948057
0.10089060945263234
0.10086473852974254
0.10083946381332166
0.10081477569675078
0.10079066448270159
0.10076712040460678
0.10074413366418794
0.10072169447636382
0.10069979311300352
0.1006784199386171
0.10065756543365487
0.10063722020399397
0.10061737497785433
0.10059802059337557
0.10057914798115716
0.1005607481461894
0.10054281215291637
0.10052533111594054
0.1005082961974168
0.10049169861079006
0.10047552962944761
0.10045978059822075
0.10044444294551964
0.10042950819415891
0.1004149679695059
0.10040081400430098
0.10038703814020522
0.10037363232669504
0.10036058861827502
0.10034789917108611
0.10033555623987907
0.10032355217605392
0.10031187942711993
0.10030053053758273
0.10028949815097982
0.1002787750126075
0.10026835397242098
0.10025822798763839
0.10024839012470765
0.10023883356046512
0.10022955158248385
0.10022053758875109
0.10021178508690114
0.10020328769325891
0.10019503913192411
0.10018703323406135
0.10017926393747771
0.10017172528648455
0.10016441143197166
0.1001573166315821
0.10015043524986073
0.10014376175826745
0.10013729073497774
0.10013101686443733
0.1001249349366796
0.1001190398464487
0.10011332659219048
0.10010779027497894
0.1001024260974367
0.10009722936269105
0.10009219547338333
0.10008731993073006
0.10008259833361509
0.10007802637768477
0.10007359985441462
0.10006931465012069
0.10006516674490011
0.10006115221149345
0.10005726721407551
0.10005350800698633
0.10004987093342164
0.10004635242410041
0.10004294899592528
0.10003965725064737
0.1000364738735406
0.10003339563208538
0.10003041937465787
0.10002754202921864
0.10002476060199451
0.10002207217614809
0.10001947391043305
0.10001696303783472
0.10001453686419856
0.10001219276685117
0.10000992819321855
0.1000077406594472
0.1000056277490315
0.10000358711145138
0.10000161646082094
0.0999997135745489
0.09999787629201022
0.0999961025132277
0.09999439019756318
0.09999273736241755
0.09999114208193954
0.09998960248574429
0.09998811675764263
0.09998668313438296
0.09998529990440666
0.09998396540661911
0.0999826780291771
0.09998143620829339
0.09998023842705904
0.09997908321428332
0.09997796914335139
0.09997689483109948
0.09997585893670727
0.09997486016060789
0.09997389724341546
0.09997296896486971
0.09997207414279982
0.0999712116321056
0.09997038032375803
0.09996957914381899
0.09996880705247962
0.09996806304311849
0.09996734614137891
0.09996665540426511
0.09996598991925766
0.09996534880344739
0.0999647312026882
0.09996413629076806
0.09996356326859826
0.09996301136342116
0.09996247982803583
0.09996196794004145
0.09996147500109907
0.09996100033621079
0.09996054329301632
0.09996010324110721
0.09995967957135811
0.09995927169527453
0.09995887904435764
0.09995850106948494
0.09995813724030735
0.09995778704466175
0.0999574499879992
0.09995712559282845
0.0999568133981742
0.09995651295905045
0.09995622384594806
0.09995594564433663
0.09995567795418027
0.09995542038946717
0.09995517257775234
0.09995493415971347
0.09995470478871986
0.09995448413041332
0.09995427186230205
0.09995406767336579
0.09995387126367301
0.09995368234400955
0.09995350063551836
0.09995332586934991
0.09995315778632366
0.09995299613659958
0.09995284067935986
0.09995269118250057
0.09995254742233274
0.09995240918329304
0.09995227625766327
0.09995214844529915
0.09995202555336705
0.09995190739608996
0.09995179379450086
0.09995168457620464
0.09995157957514729
0.09995147863139288
0.0999513815909076
0.09995128830535122
0.09995119863187517
0.09995111243292726
0.0999510295760631
0.0999509499337638
0.0999508733832594
0.09995079980635892
0.0999507290892854
0.09995066112251712
0.09995059580063381
0.09995053302216843
0.09995047268946365
0.0999504147085337
0.09995035898893063
0.09995030544361526
0.09995025398883273
0.09995020454399227
0.09995015703155119
0.0999501113769029
0.09995006750826899
0.09995002535659475
0.09994998485544895
0.09994994594092649
0.09994990855155508
0.09994987262820491
0.09994983811400157
0.09994980495424229
0.09994977309631475
0.09994974248961935
0.09994971308549384
0.09994968483714083
0.09994965769955788
0.09994963162947035
0.09994960658526614
0.09994958252693342
0.09994955941600028
0.09994953721547656
0.09994951588979797
0.0999494954047722
0.099949475727527
0.09994945682646006
0.09994943867119091
0.09994942123251459
0.09994940448235673
0.09994938839373077
0.09994937294069642
0.09994935809831972
0.09994934384263464
0.09994933015060618
0.09994931700009463
0.09994930436982141
0.09994929223933592
0.09994928058898406
0.09994926939987729
0.09994925865386355
0.0999492483334987
0.09994923842201944
0.09994922890331703
0.09994921976191204
0.09994921098293001
0.09994920255207825
0.09994919445562324
0.09994918668036913
0.09994917921363672
0.09994917204324373
0.09994916515748538
0.09994915854511587
0.09994915219533058
0.0999491460977491
0.0999491402423985
0.09994913461969773
0.09994912922044212
0.09994912403578901
0.09994911905724342
0.09994911427664463
0.09994910968615314
0.09994910527823811
0.09994910104566528
0.09994909698148545
0.09994909307902336
0.0999490893318669
0.09994908573385687
0.09994908227907705
0.09994907896184471
0.09994907577670159
0.09994907271840475
0.09994906978191855
0.09994906696240624
0.09994906425522225
0.09994906165590474
0.09994905916016827
0.0999490567638969
0.09994905446313757
0.0999490522540937
0.09994905013311901
0.09994904809671161
0.09994904614150829
0.09994904426427904
0.09994904246192195
0.09994904073145804
0.0999490390700263
0.09994903747487935
0.09994903594337864
0.09994903447299036
0.09994903306128125
0.09994903170591464
0.09994903040464645
0.09994902915532194
0.09994902795587177
0.09994902680430881
0.09994902569872488
0.09994902463728772
0.09994902361823772
0.09994902263988531
0.099949021700608
0.09994902079884799
0.09994901993310919
0.09994901910195517
0.09994901830400663
0.09994901753793906
0.09994901680248075
0.09994901609641056
0.09994901541855591
0.09994901476779104
0.09994901414303478
0.09994901354324924
0.09994901296743774
0.09994901241464332
0.09994901188394714
0.09994901137446702
0.09994901088535585
0.0999490104158003
0.09994900996501947
0.0999490095322636
0.09994900911681276
0.09994900871797584
0.0999490083350891
0.09994900796751549
0.09994900761464316
0.09994900727588481
0.09994900695067649
0.09994900663847675
0.0999490063387658
0.09994900605104454
0.09994900577483382
0.09994900550967349
0.09994900525512201
0.09994900501075518
0.099949004776166
0.09994900455096349
0.09994900433477243
0.09994900412723252
0.09994900392799787
0.09994900373673635
0.09994900355312919
0.09994900337687027
0.09994900320766574
0.09994900304523344
0.09994900288930256
0.09994900273961305
0.09994900259591526
0.09994900245796948
0.09994900232554568
0.09994900219842295
0.0999490020763892
0.09994900195924081
0.09994900184678243
0.0999490017388263
0.09994900163519231
0.09994900153570757
0.09994900144020598
0.0999490013485282
0.09994900126052121
0.09994900117603808
0.09994900109493776
0.09994900101708495
0.09994900094234965
0.09994900087060704
0.09994900080173737
0.09994900073562565
0.0999490006721615
0.09994900061123893
0.09994900055275617
0.09994900049661558
0.09994900044272342
0.09994900039098965
0.09994900034132788
0.09994900029365514
0.09994900024789177
0.09994900020396139
0.0999490001617906
0.0999490001213089
0.09994900008244867
0.09994900004514506
0.09994900000933567
0.09994899997496065
0.09994899994196263
0.09994899991028641
0.09994899987987908
0.09994899985068983
0.09994899982266994
0.09994899979577246
0.09994899976995254
0.09994899974516694
0.0999489997213743
0.09994899969853485
0.09994899967661039
0.09994899965556428
0.09994899963536137
0.0999489996159678
0.09994899959735128
0.09994899957948056
0.09994899956232585
0.09994899954585847
0.09994899953005083
0.09994899951487657
0.09994899950031025
0.0999489994863276
0.09994899947290514
0.09994899946002052
0.09994899944765212
0.09994899943577934
0.09994899942438225
0.09994899941344187
0.09994899940293982
0.09994899939285859
0.0999489993831813
0.0999489993738918
0.09994899936497455
0.09994899935641459
0.09994899934819763
0.09994899934030994
0.09994899933273835
0.09994899932547012
0.09994899931849316
0.09994899931179578
0.09994899930536678
0.09994899929919539
0.09994899929327133
0.09994899928758467
0.09994899928212587
0.09994899927688583
0.09994899927185578
0.09994899926702734
0.09994899926239235
0.09994899925794311
0.09994899925367218
0.09994899924957239
0.09994899924563692
0.09994899924185917
0.09994899923823279
0.09994899923475176
0.09994899923141025
0.0999489992282026
0.09994899922512353
0.09994899922216785
0.09994899921933065
0.09994899921660712
0.09994899921399278
0.09994899921148317
0.09994899920907416
0.09994899920676169
0.09994899920454191
0.09994899920241108
0.09994899920036567
0.09994899919840221
0.09994899919651744
0.09994899919470826
0.09994899919297152
0.0999489991913044
0.09994899918970412
0.09994899918816795
0.09994899918669341
0.09994899918527789
0.09994899918391911
0.09994899918261484
0.09994899918136282
0.09994899918016094
0.0999489991790073
0.09994899917789987
0.09994899917683679
0.09994899917581637
0.09994899917483684
0.09994899917389653
0.09994899917299394
0.09994899917212752
0.09994899917129581
0.09994899917049746
0.09994899916973109
0.09994899916899544
0.09994899916828925
0.09994899916761144
0.09994899916696076
0.09994899916633612
0.09994899916573655
0.099948999165161
0.09994899916460852
0.09994899916407822
0.09994899916356913
0.09994899916308046
0.09994899916261137
0.09994899916216106
0.09994899916172885
0.0999489991613139
0.09994899916091567
0.09994899916053333
0.09994899916016634
0.09994899915981408
0.0999489991594759
0.09994899915915129
0.09994899915883967
0.0999489991585406
0.09994899915825348
0.09994899915797784
0.09994899915771328
0.09994899915745933
0.09994899915721554
0.09994899915698152
0.09994899915675691
0.09994899915654129
0.09994899915633429
0.09994899915613562
0.09994899915594488
0.09994899915576182
0.09994899915558608
0.09994899915541737
0.09994899915525544
0.0999489991551
0.09994899915495077
0.09994899915480755
0.09994899915467005
0.09994899915453809
0.09994899915441137
0.09994899915428979
0.09994899915417302
0.09994899915406098
0.09994899915395342
0.09994899915385018
0.09994899915375105
0.09994899915365589
0.09994899915356459
0.0999489991534769
0.09994899915339275
0.09994899915331197
0.0999489991532344
0.09994899915315998
0.09994899915308851
0.09994899915301994
0.09994899915295412
0.09994899915289092
0.09994899915283026
0.09994899915277199
0.0999489991527161
0.09994899915266243
0.09994899915261092
0.09994899915256149
0.09994899915251403
0.09994899915246845
0.09994899915242475
0.09994899915238277
0.09994899915234245
0.09994899915230378
0.09994899915226661
0.09994899915223099
0.09994899915219678
0.09994899915216396
0.0999489991521324
0.09994899915210215
0.09994899915207309
0.09994899915204519
0.09994899915201842
0.09994899915199275
0.09994899915196809
0.09994899915194441
0.0999489991519217
0.09994899915189985
0.09994899915187891
0.09994899915185884
0.09994899915183951
0.09994899915182098
0.0999489991518032
0.09994899915178616
0.09994899915176976
0.09994899915175404
0.09994899915173894
0.09994899915172448
0.09994899915171054
0.09994899915169718
0.09994899915168434
0.09994899915167206
0.09994899915166026
0.0999489991516489
0.09994899915163803
0.09994899915162758
0.09994899915161758
0.09994899915160792
0.0999489991515987
0.0999489991515898
0.09994899915158127
0.09994899915157313
0.09994899915156527
0.09994899915155775
0.09994899915155053
0.0999489991515436
0.0999489991515369
0.09994899915153053
0.0999489991515244
0.0999489991515185
0.09994899915151284
0.09994899915150743
0.0999489991515022
0.09994899915149719
0.09994899915149241
0.09994899915148779
0.09994899915148338
0.09994899915147912
0.09994899915147507
0.09994899915147111
0.09994899915146735
0.09994899915146375
0.09994899915146029
0.09994899915145697
0.09994899915145378
0.09994899915145072
0.0999489991514478
0.09994899915144496
0.09994899915144227
0.09994899915143964
0.09994899915143718
0.09994899915143478
0.09994899915143246
0.09994899915143025
0.09994899915142814
0.09994899915142612
0.09994899915142415
0.09994899915142227
0.09994899915142046
0.09994899915141875
0.09994899915141708
0.0999489991514155
0.09994899915141399
0.09994899915141252
0.0999489991514111
0.09994899915140974
0.09994899915140847
0.09994899915140722
0.09994899915140602
0.0999489991514049
0.09994899915140378
0.09994899915140272
0.0999489991514017
0.09994899915140074
0.0999489991513998
0.0999489991513989
0.09994899915139803
0.09994899915139721
0.09994899915139643
0.09994899915139566
0.09994899915139492
0.09994899915139421
0.09994899915139355
0.09994899915139288
0.09994899915139227
0.09994899915139167
0.09994899915139109
0.09994899915139054
0.09994899915139002
0.09994899915138955
0.09994899915138905
0.09994899915138854
0.09994899915138812
0.09994899915138768
0.09994899915138727
0.09994899915138689
0.09994899915138651
0.09994899915138616
0.0999489991513858
0.09994899915138544
0.09994899915138514
0.09994899915138483
0.09994899915138451
0.09994899915138422
0.09994899915138396
0.0999489991513837
0.09994899915138346
0.0999489991513832
0.09994899915138296
0.09994899915138276
0.09994899915138253
0.09994899915138232
0.09994899915138215
0.09994899915138196
0.09994899915138176
0.09994899915138158
0.09994899915138142
0.09994899915138125
0.09994899915138108
0.09994899915138097
0.09994899915138081
0.09994899915138068
0.09994899915138054
0.09994899915138043
0.09994899915138028
0.09994899915138021
0.09994899915138007
0.09994899915137997
0.09994899915137985
0.09994899915137975
0.09994899915137967
0.09994899915137957
0.09994899915137949
0.0999489991513794
0.09994899915137931
0.09994899915137925
0.09994899915137914
0.0999489991513791
0.09994899915137906
0.09994899915137896
0.0999489991513789
0.09994899915137884
0.09994899915137881
0.09994899915137877
0.0999489991513787
0.09994899915137863
0.09994899915137857
0.0999489991513785
0.09994899915137848
0.09994899915137845
0.0999489991513784
0.09994899915137835
0.09994899915137834
0.0999489991513783
0.09994899915137825
0.09994899915137821
0.0999489991513782
0.09994899915137816
0.09994899915137813
0.09994899915137809
0.09994899915137806
0.09994899915137806
0.099948999151378
0.099948999151378
0.09994899915137796
0.09994899915137796
0.09994899915137793
0.09994899915137792
0.09994899915137789
0.09994899915137785
0.09994899915137787
0.09994899915137782
0.09994899915137782
0.09994899915137782
0.09994899915137777
0.09994899915137777
0.09994899915137777
0.09994899915137773
0.09994899915137773
0.0999489991513777
0.09994899915137768
0.0999489991513777
0.09994899915137768
0.09994899915137766
0.09994899915137766
0.09994899915137766
0.09994899915137763
0.09994899915137762
0.0999489991513776
0.0999489991513776
0.09994899915137759
0.09994899915137759
0.09994899915137759
0.09994899915137756
0.09994899915137759
0.09994899915137756
0.09994899915137757
0.09994899915137757
0.09994899915137756
0.09994899915137755
0.09994899915137752
0.09994899915137753
0.09994899915137752
0.09994899915137753
0.09994899915137752
0.0999489991513775
0.09994899915137752
0.09994899915137749
0.09994899915137749
0.09994899915137746
0.09994899915137746
0.09994899915137748
0.09994899915137749
0.09994899915137749
0.09994899915137748
0.09994899915137746
0.09994899915137746
0.09994899915137746
0.09994899915137746
0.09994899915137746
0.09994899915137745
0.09994899915137748
0.09994899915137746
0.09994899915137745
0.09994899915137746
0.09994899915137745
0.09994899915137746
0.09994899915137745
0.09994899915137745
0.09994899915137744
0.09994899915137742
0.09994899915137745
0.09994899915137744
0.09994899915137744
0.09994899915137746
0.09994899915137745
0.09994899915137742
0.09994899915137742
0.09994899915137742
0.09994899915137742
0.09994899915137745
0.09994899915137744
0.09994899915137745
0.09994899915137744
0.09994899915137745
0.09994899915137742
0.09994899915137741
0.09994899915137745
0.09994899915137742
0.09994899915137742
0.09994899915137742
0.0999489991513774
0.09994899915137742
0.09994899915137741
0.09994899915137742
0.09994899915137745
0.09994899915137742
0.09994899915137741
0.09994899915137741
0.09994899915137742
0.09994899915137738
0.09994899915137742
0.0999489991513774
0.09994899915137741
0.09994899915137744
0.09994899915137742
0.09994899915137741
0.09994899915137741
0.09994899915137742
0.0999489991513774
0.0999489991513774
0.09994899915137742
0.09994899915137742
0.09994899915137744
0.09994899915137742
0.09994899915137741
0.09994899915137744
0.09994899915137741
0.09994899915137742
0.0999489991513774
0.09994899915137742
0.0999489991513774
0.09994899915137744
0.09994899915137741
0.0999489991513774
0.09994899915137738
0.09994899915137742
0.09994899915137742
0.09994899915137741
0.09994899915137741
0.09994899915137742
0.0999489991513774
0.0999489991513774
0.0999489991513774
0.0999489991513774
0.09994899915137741
0.0999489991513774
0.0999489991513774
0.09994899915137742
0.09994899915137744
0.09994899915137741
0.0999489991513774
0.09994899915137742
0.09994899915137737
0.09994899915137742
0.0999489991513774
0.0999489991513774
0.09994899915137741
0.09994899915137742
0.09994899915137741
0.09994899915137737
0.0999489991513774
0.09994899915137742
0.09994899915137741
0.09994899915137741
0.09994899915137742
0.0999489991513774
0.09994899915137742
0.0999489991513774
0.09994899915137741