0.2146277806187942
0.12100142965473948
0.11005986355586418
0.10623920740539784
0.10472041200415279
0.10402766045710245
0.10363893367301724
0.10336936950048918
0.10315248121300218
0.10296348164637886
0.10279253211763052
0.10263529284848519
0.10248952336887579
0.10235383348788553
0.10222721240887568
0.10210884457828148
0.1019980333467793
0.10189416622461454
0.1017966968013266
0.10170513375436761
0.10161903316837323
0.10153799261280602
0.10146164629846187
0.10138966098569846
0.10132173246597467
0.10125758250548951
0.10119695617318207
0.10113961949416524
0.10108535738161836
0.1010339718085738
0.10098528018738455
0.10093911392968359
0.10089531716372092
0.1008537455893291
0.10081426545357318
0.10077675263249769
0.1007410918063708
0.10070717571751307
0.10067490450123316
0.10064418508161731
0.10061493062496951
0.1005870600446002
0.10056049755143605
0.10053517224559522
0.10051101774465025
0.10048797184480568
0.10046597621165218
0.10044497609754229
0.10042492008296464
0.1004057598395842
0.10038744991287213
0.10036994752247227
0.10035321237864968
0.10033720651333906
0.10032189412446625
0.10030724143235058
0.10029321654711709
0.10027978934615453
0.10026693136074967
0.10025461567111384
0.10024281680909218
0.1002315106679148
0.10022067441840793
0.10021028643113812
0.10020032620401062
0.10019077429488678
0.10018161225882391
0.10017282258957685
0.10016438866503183
0.1001562946962717
0.10014852567999827
0.1001410673540596
0.10013390615585262
0.10012702918338934
0.10012042415883372
0.10011407939433078
0.10010798375996459
0.10010212665369514
0.10009649797313523
0.10009108808903991
0.1000858878203911
0.10008088841096843
0.10007608150730633
0.10007145913794444
0.10006701369388595
0.100062737910184
0.10005862484858324
0.10005466788114774
0.10005086067481266
0.10004719717680056
0.10004367160084784
0.10004027841419132
0.10003701232526667
0.10003386827207604
0.10003084141118339
0.10002792710729937
0.10002512092342097
0.10002241861149208
0.10001981610355472
0.1000173095033616
0.10001489507842344
0.10001256925246561
0.10001032859827086
0.10000816983088572
0.10000608980116996
0.10000408548967026
0.10000215400079931
0.1000002925573038
0.09999849849500517
0.09999676925779817
0.09999510239289322
0.09999349554628946
0.09999194645846579
0.09999045296027852
0.09998901296905466
0.09998762448487036
0.09998628558700477
0.09998499443056043
0.09998374924324119
0.09998254832227997
0.09998139003150812
0.0999802727985599
0.0999791951122045
0.09997815551979965
0.09997715262486051
0.09997618508473824
0.09997525160840283
0.09997435095432482
0.09997348192845121
0.09997264338227106
0.09997183421096652
0.09997105335164454
0.0999702997816464
0.09996957251693019
0.09996887061052404
0.09996819315104549
0.0999675392612848
0.09996690809684894
0.09996629884486322
0.09996571072272803
0.09996514297692832
0.09996459488189323
0.09996406573890353
0.09996355487504474
0.09996306164220391
0.09996258541610806
0.09996212559540245
0.0999616816007667
0.09996125287406742
0.09996083887754545
0.09996043909303622
0.09996005302122177
0.09995968018091346
0.09995932010836316
0.09995897235660248
0.09995863649480846
0.09995831210769476
0.09995799879492702
0.09995769617056131
0.09995740386250548
0.09995712151200101
0.0999568487731259
0.09995658531231676
0.09995633080790992
0.09995608494970033
0.09995584743851749
0.09995561798581837
0.09995539631329557
0.09995518215250106
0.09995497524448416
0.09995477533944358
0.09995458219639292
0.09995439558283876
0.0999542152744713
0.0999540410548665
0.09995387271519976
0.09995371005397057
0.09995355287673723
0.09995340099586189
0.09995325423026502
0.09995311240518931
0.09995297535197223
0.09995284290782713
0.09995271491563276
0.09995259122373026
0.09995247168572799
0.09995235616031349
0.09995224451107253
0.09995213660631451
0.09995203231890486
0.09995193152610315
0.09995183410940729
0.09995173995440354
0.099951648950622
0.09995156099139715
0.09995147597373387
0.09995139379817809
0.09995131436869212
0.09995123759253474
0.09995116338014531
0.09995109164503238
0.09995102230366627
0.09995095527537527
0.09995089048224595
0.09995082784902676
0.09995076730303526
0.09995070877406868
0.09995065219431762
0.09995059749828272
0.09995054462269468
0.0999504935064367
0.09995044409046994
0.09995039631776165
0.0999503501332156
0.09995030548360533
0.09995026231750946
0.09995022058524942
0.09995018023882954
0.09995014123187891
0.09995010351959549
0.09995006705869229
0.09995003180734517
0.09994999772514278
0.09994996477303791
0.09994993291330102
0.09994990210947478
0.09994987232633085
0.09994984352982758
0.09994981568706968
0.099949788766269
0.09994976273670668
0.09994973756869684
0.09994971323355122
0.09994968970354537
0.09994966695188567
0.09994964495267793
0.09994962368089658
0.09994960311235533
0.09994958322367851
0.09994956399227384
0.09994954539630559
0.09994952741466914
0.09994951002696624
0.09994949321348086
0.09994947695515645
0.0999494612335734
0.0999494460309276
0.09994943133000976
0.09994941711418513
0.09994940336737432