0.27633510649576903
0.1434759836768203
0.11783166436805884
0.10965445742799877
0.10672992922516879
0.10553085518817909
0.10491495259119551
0.10451033740431899
0.10419336783635222
0.10392101066989486
0.10367706088289391
0.10345456139018444
0.10324991011231235
0.10306082641427708
0.10288562269472948
0.10272292862259423
0.10257157709896879
0.10243055039632265
0.10229895012364472
0.10217597758054345
0.10206091929831518
0.1019531356059755
0.10185205122315119
0.10175714735210914
0.10166795494733644
0.10158404894212737
0.1015050432681388
0.10143058653971196
0.10136035829983665
0.1012940657433733
0.10123144084772788
0.10117223785279948
0.10111623104142323
0.1010632127792246
0.10101299177912798
0.1009653915610092
0.10092024908134356
0.10087741351134814
0.10083674514517785
0.10079811442231075
0.10076140105043713
0.10072649321701081
0.10069328687919347
0.10066168512326047
0.10063159758568166
0.10060293992907518
0.1005756333670746
0.10054960423288022
0.10052478358689397
0.10050110685938353
0.10047851352459437
0.10045694680314118
0.1004363533898693
0.10041668320469169
0.10039788916418174
0.10037992697194326
0.10036275492599286
0.10034633374157485
0.10033062638799599
0.10031559793821115
0.10030121543002192
0.1002874477378635
0.10027426545425738
0.10026164078009797
0.1002495474230217
0.10023796050317878
0.1002268564657936
0.10021621299995448
0.10020600896312844
0.10019622431093982
0.10018684003179547
0.10017783808597518
0.10016920134884023
0.10016091355784335
0.10015295926305064
0.10014532378091075
0.10013799315102935
0.10013095409572664
0.10012419398217458
0.10011770078692735
0.10011146306267288
0.10010546990704841
0.10009971093337398
0.10009417624317134
0.10008885640034403
0.10008374240690511
0.10007882568014846
0.10007409803116514
0.10006955164461685
0.10006517905968189
0.10006097315209825
0.1000569271172315
0.10005303445410232
0.10004928895031183
0.1000456846678081
0.10004221592944125
0.10003887730625752
0.10003566360548682
0.10003256985918157
0.1000295913134667