0.8948346043705812
0.8947958701610578
0.8947571376816126
0.8947184069322618
0.8946796779130208
0.8946409506239061
0.8946022250649335
0.8945635012361189
0.8945247791374783
0.8944860587690278
0.8944473401307831
0.89440862322276
0.8943699080449751
0.8943311945974435
0.8942924828801814
0.8942537728932047
0.8942150646365292
0.8941763581101713
0.8941376533141462
0.8940989502484703
0.8940602489131586
0.8940215493082281
0.8939828514336938
0.8939441552895719
0.8939054608758781
0.8938667681926281
0.8938280772398381
0.8937893880175235
0.8937507005257003
0.8937120147643844
0.8936733307335912
0.8936346484333367
0.8935959678636367
0.893557289024507
0.893518611915963
0.8934799365380209
0.8934412628906964
0.8934025909740047
0.8933639207879621
0.8933252523325838
0.8932865856078859
0.893247920613884
0.8932092573505938
0.8931705958180307
0.893131936016211
0.8930932779451496
0.8930546216048625
0.8930159669953655
0.8929773141166744
0.8929386629688039
0.8929000135517705
0.8928613658655901
0.8928227199102771
0.8927840756858478
0.892745433192318
0.892706792429703
0.8926681533980184
0.8926295160972799
0.892590880527503
0.892552246688703
0.892513614580896
0.8924749842040965
0.8924363555583212
0.8923977286435851
0.8923591034599039
0.8923204800072927
0.8922818582857676
0.8922432382953432
0.892204620036036
0.8921660035078608
0.8921273887108332
0.892088775644969
0.8920501643102833
0.8920115547067914
0.891972946834509
0.8919343406934518
0.8918957362836347
0.8918571336050733
0.8918185326577832
0.8917799334417794
0.8917413359570778
0.8917027402036934
0.8916641461816415
0.8916255538909379
0.8915869633315976
0.891548374503636
0.8915097874070682
0.8914712020419103
0.8914326184081768
0.8913940365058838
0.8913554563350458
0.8913168778956786
0.8912783011877973
0.8912397262114174
0.891201152966554
0.8911625814532224
0.8911240116714377
0.8910854436212157
0.8910468773025711
0.8910083127155194