0.5533333333333333
0.5533333333333333
0.5533333333333333
0.56
0.5866666666666667
0.6133333333333333
0.62
0.6333333333333333
0.64
0.66
0.6733333333333333
0.7133333333333334
0.72
0.7266666666666667
0.7333333333333333
0.7666666666666667
0.7733333333333333
0.7866666666666666
0.8066666666666666
0.8333333333333334
0.84
0.8666666666666667
0.8733333333333333
0.88
0.8866666666666667
0.8933333333333333
0.9066666666666666
0.92
0.9333333333333333
0.94
0.9466666666666667
0.9533333333333334
0.9533333333333334
0.9533333333333334
0.9466666666666667
0.9466666666666667
0.9466666666666667
0.9533333333333334
0.9533333333333334
0.96
0.9666666666666667
0.9666666666666667
0.9666666666666667
0.96
0.96
0.96
0.96
0.96
0.96
0.96
0.96
0.96
0.96
0.96
0.96
0.96
0.96
0.96
0.96
0.96
0.96
0.96
0.96
0.96
0.96
0.96
0.96
0.96
0.96
0.96
0.96
0.96
0.96
0.96
0.96
0.96
0.96
0.96
0.96
0.96
0.96
0.96
0.96
0.96
0.96
0.96
0.96
0.96
0.96
0.96
0.96
0.96
0.9666666666666667
0.9666666666666667
0.9666666666666667
0.9666666666666667
0.9666666666666667
0.9666666666666667
0.9666666666666667
0.9666666666666667
0.9666666666666667
0.9666666666666667
0.9666666666666667
0.9666666666666667
0.9666666666666667
0.9666666666666667
0.9666666666666667
0.9666666666666667
0.9666666666666667
0.9666666666666667
0.9666666666666667
0.9666666666666667
0.9666666666666667
0.9666666666666667
0.9666666666666667
0.9666666666666667
0.9666666666666667
0.9666666666666667
0.9666666666666667
0.9666666666666667
0.9666666666666667
0.9666666666666667
0.9666666666666667
0.9666666666666667
0.9666666666666667
0.9666666666666667
0.9666666666666667
0.9666666666666667
0.9666666666666667
0.9666666666666667
0.9666666666666667
0.9666666666666667
0.9666666666666667
0.9666666666666667
0.9666666666666667
0.9666666666666667
0.9666666666666667
0.9666666666666667
0.9666666666666667
0.9666666666666667
0.9666666666666667
0.9666666666666667
0.9666666666666667
0.9666666666666667
0.9666666666666667
0.9666666666666667
0.9666666666666667
0.9666666666666667
0.9666666666666667
0.9666666666666667
0.9666666666666667
0.9666666666666667
0.9666666666666667
0.9666666666666667
0.9666666666666667
0.9666666666666667
0.9666666666666667
0.9666666666666667
0.9666666666666667
0.9666666666666667
0.9666666666666667
0.9666666666666667
0.9666666666666667
0.9666666666666667
0.9666666666666667
0.9666666666666667
0.9666666666666667
0.9666666666666667
0.9666666666666667
0.9666666666666667
0.9666666666666667
0.9666666666666667
0.9666666666666667
0.9666666666666667
0.9666666666666667
0.9666666666666667
0.9666666666666667
0.9666666666666667
0.9666666666666667
0.9666666666666667
0.9666666666666667
0.9666666666666667
0.9666666666666667
0.9666666666666667
0.9666666666666667
0.9666666666666667
0.9666666666666667
0.9666666666666667
0.9666666666666667
0.9666666666666667
0.9666666666666667
0.9666666666666667
0.9666666666666667
0.9666666666666667
0.9666666666666667
0.9666666666666667
0.9666666666666667
0.9666666666666667
0.9666666666666667
0.9666666666666667
0.9666666666666667
0.9666666666666667
0.9666666666666667
0.9666666666666667
0.9666666666666667
0.9666666666666667
0.9666666666666667
0.9666666666666667
0.9666666666666667
0.9666666666666667
0.9666666666666667
0.9666666666666667
0.9666666666666667
0.9666666666666667
0.9666666666666667
0.9666666666666667
0.9666666666666667
0.9666666666666667
0.9666666666666667
0.9666666666666667
0.9666666666666667
0.9666666666666667
0.9666666666666667
0.9666666666666667
0.9666666666666667
0.9666666666666667
0.9666666666666667
0.9666666666666667
0.9666666666666667
0.9666666666666667
0.9666666666666667
0.9666666666666667
0.9666666666666667
0.9666666666666667
0.9666666666666667
0.9666666666666667
0.9666666666666667
0.9666666666666667
0.9666666666666667
0.9666666666666667
0.9666666666666667
0.9666666666666667
0.9666666666666667
0.9666666666666667
0.9666666666666667
0.9666666666666667
0.9666666666666667
0.9666666666666667
0.9666666666666667
0.9666666666666667
0.9666666666666667
0.9666666666666667
0.9666666666666667
0.9666666666666667
0.9666666666666667
0.9666666666666667
0.9666666666666667
0.9666666666666667
0.9666666666666667
0.9666666666666667
0.9666666666666667
0.9666666666666667
0.9666666666666667
0.9666666666666667
0.9666666666666667
0.9666666666666667
0.9666666666666667
0.9666666666666667
0.9666666666666667
0.9666666666666667
0.9666666666666667
0.9666666666666667
0.9666666666666667
0.9666666666666667
0.9666666666666667
0.9666666666666667
0.9666666666666667
0.9666666666666667
0.9666666666666667
0.9666666666666667
0.9666666666666667
0.9666666666666667
0.9666666666666667
0.9666666666666667
0.9666666666666667
0.9666666666666667
0.9666666666666667
0.9666666666666667
0.9666666666666667
0.9666666666666667
0.9666666666666667
0.9666666666666667
0.9666666666666667
0.9666666666666667
0.9666666666666667
0.9666666666666667
0.9666666666666667
0.9666666666666667
0.9666666666666667
0.9666666666666667
0.9666666666666667
0.9666666666666667
0.9666666666666667
0.9666666666666667
0.9666666666666667
0.9666666666666667
0.9666666666666667
0.9666666666666667
0.9666666666666667
0.9666666666666667
0.9666666666666667
0.9666666666666667
0.9666666666666667
0.9666666666666667
0.9666666666666667
0.9666666666666667
0.9666666666666667
0.9666666666666667
0.9666666666666667
0.9666666666666667
0.9666666666666667
0.9666666666666667
0.9666666666666667
0.9666666666666667
0.9666666666666667
0.9666666666666667
0.9666666666666667
0.9666666666666667
0.9666666666666667
0.9666666666666667
0.9666666666666667
0.9666666666666667
0.9666666666666667
0.9666666666666667
0.9666666666666667
0.9666666666666667
0.9666666666666667
0.9666666666666667
0.9666666666666667
0.9666666666666667
0.9666666666666667
0.9666666666666667
0.9666666666666667
0.9666666666666667
0.9666666666666667
0.9666666666666667
0.9666666666666667
0.96
0.96
0.96
0.96
0.96
0.96
0.96
0.96
0.96
0.96
0.96
0.96
0.96
0.96
0.96
0.96
0.96
0.96
0.96
0.96
0.96
0.96
0.96
0.96
0.96
0.96
0.96
0.96
0.96
0.96
0.96
0.96
0.96
0.96
0.96
0.96
0.96
0.96
0.96
0.96
0.96
0.96
0.96
0.96
0.96
0.96
0.96
0.96
0.96
0.96
0.96
0.96
0.96
0.96
0.96
0.96
0.96
0.96
0.96
0.96
0.96
0.96
0.96
0.96
0.96
0.96
0.96
0.96
0.96
0.96
0.96
0.96
0.96
0.96
0.96
0.96
0.96
0.96
0.96
0.96
0.96
0.96
0.96
0.96
0.96
0.96
0.96
0.96
0.96
0.96
0.96
0.96
0.96
0.96
0.96
0.96
0.96
0.96
0.96
0.96
0.96
0.96
0.96
0.96
0.96
0.96
0.96
0.96
0.96
0.96
0.96
0.96
0.96
0.96
0.96
0.96
0.96
0.96
0.96
0.96
0.96
0.96
0.96
0.96
0.96
0.96
0.96
0.96
0.96
0.96
0.96
0.96
0.96
0.96
0.96
0.96
0.96
0.96
0.96
0.96
0.96
0.96
0.96
0.96
0.96
0.96
0.96
0.96
0.96
0.96
0.96
0.96
0.96
0.96
0.96
0.96
0.96
0.96
0.96
0.96
0.96
0.96
0.96
0.96
0.96
0.96
0.96
0.96
0.96
0.96
0.96
0.96
0.96
0.96
0.96
0.96
0.96
0.96
0.96
0.96
0.96
0.96
0.96
0.96
0.96
0.96
0.96
0.96
0.96
0.96
0.96
0.96
0.96
0.96
0.96
0.96
0.96
0.96
0.96
0.96
0.96
0.96
0.96
0.96
0.96
0.96
0.96
0.96
0.96
0.96
0.96
0.96
0.96
0.96
0.96
0.96
0.96
0.96
0.96
0.96
0.96
0.96
0.96
0.96
0.96
0.96
0.96
0.96
0.96
0.96
0.96
0.96
0.96
0.96
0.96
0.96
0.96
0.96
0.96
0.96
0.96
0.96
0.96
0.96
0.96
0.96
0.96
0.96
0.96
0.96
0.96
0.96
0.96
0.96
0.96
0.96
0.96
0.96
0.96
0.96
0.96
0.96
0.96
0.96
0.96
0.96
0.96
0.96
0.96
0.96
0.96
0.96
0.96
0.96
0.96
0.96
0.96
0.96
0.96
0.96
0.96
0.96
0.96
0.96
0.96
0.96
0.96
0.96
0.96
0.96
0.96
0.96
0.96
0.96
0.96
0.96
0.96
0.96
0.96
0.96
0.96
0.96
0.96
0.96
0.96
0.96
0.96
0.96
0.96
0.96
0.96
0.96
0.96
0.96
0.96
0.96
0.96
0.96
0.96
0.96
0.96
0.96
0.96
0.96
0.96
0.96
0.96
0.96
0.96
0.96
0.96
0.96
0.96
0.96
0.96
0.96
0.96
0.96
0.96
0.96
0.96
0.96
0.96
0.96
0.96
0.96
0.96
0.96
0.96
0.96
0.96
0.96
0.96
0.96
0.96
0.96
0.96
0.96
0.96
0.96
0.96
0.96
0.96
0.96
0.96
0.96
0.96
0.96
0.96
0.96
0.96
0.96
0.96
0.96
0.96
0.96
0.96
0.96
0.96
0.96
0.96
0.96
0.96
0.96
0.96
0.96
0.96
0.96
0.96
0.96
0.96
0.96
0.96
0.96
0.96
0.96
0.96
0.96
0.96
0.96
0.96
0.96
0.96
0.96
0.96
0.96
0.96
0.96
0.96
0.96
0.96
0.96
0.96
0.96
0.96
0.96
0.96
0.96
0.96
0.96
0.96
0.96
0.96
0.96
0.96
0.96
0.96
0.96
0.96
0.96
0.96
0.96
0.96
0.96
0.96
0.96
0.96
0.96
0.96
0.96
0.96
0.96
0.96
0.96
0.96
0.96
0.96
0.96
0.96
0.96
0.96
0.96
0.96
0.96
0.96
0.96
0.96
0.96
0.96
0.96
0.96
0.96
0.96
0.96
0.96
0.96
0.96
0.96
0.96
0.96
0.96
0.96
0.96
0.96
0.96
0.96
0.96
0.96
0.96
0.96
0.96
0.96
0.96
0.96
0.96
0.96
0.96
0.96
0.96
0.96
0.96
0.96
0.96
0.96
0.96
0.96
0.96
0.96
0.96
0.96
0.96
0.96
0.96
0.96
0.96
0.96
0.96
0.96
0.96
0.96
0.96
0.96
0.96
0.96
0.96
0.96
0.96
0.96
0.96
0.96
0.96
0.96
0.96
0.96
0.96
0.96
0.96
0.96
0.96
0.96
0.96
0.96
0.96
0.96
0.96
0.96
0.96
0.96
0.96
0.96
0.96
0.96
0.96
0.96
0.96
0.96
0.96
0.96
0.96
0.96
0.96
0.96
0.96
0.96
0.96
0.96
0.96
0.96
0.96
0.96
0.96
0.96
0.96
0.96
0.96
0.96
0.96
0.96
0.96
0.96
0.96
0.96
0.96
0.96
0.96
0.96
0.96
0.96
0.96
0.96
0.96
0.96
0.96
0.96
0.96
0.96
0.96
0.96
0.96
0.96
0.96
0.96
0.96
0.96
0.96
0.96
0.96
0.96
0.96
0.96
0.96
0.96
0.96
0.96
0.96
0.96
0.96
0.96
0.96
0.96
0.96
0.96
0.96
0.96
0.96
0.96
0.96
0.96
0.96
0.96
0.96
0.96
0.96
0.96
0.96
0.96
0.96
0.96
0.96
0.96
0.96
0.96
0.96
0.96
0.96
0.96
0.96
0.96
0.96
0.96
0.96
0.96
0.96
0.96
0.96
0.96
0.96
0.96
0.96
0.96
0.96
0.96
0.96