0.5324808383221017
0.28806805591235435
0.19786379935006726
0.16124196221789805
0.14176553542689047
0.12915707009695915
0.1203408900333433
0.1141686121012585
0.10997377320297796
0.10722301600481175
0.10546600851009143
0.10434460389124407
0.10359820919986036
0.10305587762823822
0.10261913517980195
0.10224123048816362
0.10190725747821196
0.10161790408128377
0.10137803912542041
0.10119013818215035
0.1010517354886705
0.1009556788202931
0.10089190444848746
0.10084964393974745
0.10081930903081912
0.10079366705294604
0.10076823437501238
0.10074103117354127
0.10071194524395623
0.1006819614770216
0.10065245906133588
0.10062469594682477
0.10059951900894985
0.1005772770656417
0.10055787936141002
0.10054093245059476
0.10052589665375879
0.10051222101876561
0.10049943561526382
0.10048719695943137
0.10047529388282361
0.10046362682338393
0.10045217432275316
0.10044095810994037
0.10043001424347367
0.10041937375686238
0.10040905299898721
0.10039905178025543
0.10038935653048853
0.10037994569937288
0.10037079523299092
0.10036188279617281
0.10035319021379499
0.10034470421434104
0.1003364159168941
0.10032831962562301
0.1003204114455555
0.10031268808635246
0.10030514604583092
0.10029778121138785
0.10029058881143793
0.10028356359647253
0.10027670012236933
0.10026999303206971
0.10026343726949402
0.10025702819818363
0.10025076162794508
0.10024463377187419
0.10023864116363294
0.10023278056328198
0.10022704887290111
0.1002214430741312
0.10021596019128211
0.10021059727735274
0.10020535141674267
0.10020021973737699
0.10019519942575042
0.10019028774020328
0.1001854820198431
0.10018077968838159
0.10017617825348266
0.10017167530293282
0.10016726849912902
0.1001629555731877
0.10015873431959123
0.10015460259185312
0.1001505582993125
0.10014659940491118
0.10014272392367406
0.10013892992159025
0.10013521551463711
0.1001315788677725
0.10012801819380661
0.10012453175213726
0.10012111784738055
0.10011777482794927
0.10011450108463578
0.10011129504924206
0.10010815519328461
0.10010508002678307
0.10010206809712954
0.10009911798802604
0.1000962283184756
0.10009339774181347
0.10009062494476685
0.10008790864653759
0.10008524759790464
0.100082640580346
0.10008008640518258
0.10007758391274522
0.1000751319715672
0.10007272947760293
0.10007037535347343
0.10006806854773721
0.10006580803418635
0.10006359281116553
0.10006142190091269
0.10005929434892058
0.10005720922331725
0.10005516561426478
0.10005316263337606
0.10005119941314838
0.10004927510641365
0.10004738888580493
0.10004553994323881
0.10004372748941272
0.10004195075331758
0.10004020898176459
0.10003850143892581
0.10003682740588844
0.10003518618022195
0.10003357707555739
0.10003199942117935
0.1000304525616291
0.10002893585631932
0.10002744867915955
0.10002599041819255
0.10002456047524043
0.10002315826556123
0.10002178321751475
0.10002043477223789
0.10001911238332897
0.10001781551654075
0.10001654364948188
0.10001529627132687
0.1000140728825334
0.10001287299456818
0.10001169612963925
0.10001054182043663
0.10000940960987893
0.10000829905086768
0.10000720970604757
0.10000614114757346
0.1000050929568835
0.10000406472447848
0.10000305604970647
0.10000206654055374
0.10000109581344087
0.10000014349302437
0.09999920921200318
0.0999982926109306
0.0999973933380309
0.09999651104902055
0.0999956454069343
0.09999479608195572
0.09999396275125182
0.09999314509881224
0.09999234281529232
0.09999155559786009
0.09999078315004761
0.09999002518160527
0.09998928140836046
0.09998855155207956
0.09998783534033324
0.0999871325063653
0.09998644278896467
0.09998576593234067
0.0999851016860013
0.09998444980463457
0.09998381004799269
0.0999831821807793
0.0999825659725389
0.09998196119754994
0.09998136763471949
0.09998078506748119
0.09998021328369533
0.09997965207555136
0.09997910123947293
0.09997856057602512
0.09997802988982366
0.09997750898944664
0.09997699768734826
0.09997649579977462
0.09997600314668127
0.09997551955165304
0.09997504484182565
0.09997457884780901
0.0999741214036126
0.09997367234657235
0.09997323151727941
0.09997279875951033
0.09997237392015934
0.09997195684917155
0.09997154739947818
0.0999711454269333
0.09997075079025156
0.09997036335094792
0.0999699829732783
0.09996960952418202
0.09996924287322513
0.09996888289254521
0.09996852945679768
0.09996818244310275
0.09996784173099417
0.09996750720236872
0.09996717874143714
0.09996685623467576
0.09996653957077975
0.0999662286406169
0.09996592333718286
0.09996562355555694
0.09996532919285948
0.09996504014820938
0.09996475632268347
0.09996447761927588
0.09996420394285917
0.09996393520014549
0.09996367129964934
0.09996341215165053
0.09996315766815836
0.0999629077628764
0.09996266235116813
0.09996242135002319
0.09996218467802451
0.09996195225531607
0.0999617240035714
0.09996149984596275
0.09996127970713084
0.0999610635131554
0.09996085119152627
0.09996064267111508
0.09996043788214769
0.09996023675617699
0.09996003922605637
0.09995984522591403
0.0999596546911273
0.09995946755829792
0.0999592837652278
0.09995910325089499
0.09995892595543068
0.09995875182009606
0.09995858078726023
0.09995841280037822
0.09995824780396959
0.09995808574359748
0.09995792656584818
0.09995777021831082
0.09995761664955789
0.0999574658091259
0.09995731764749652
0.09995717211607809
0.09995702916718754
0.09995688875403266
0.09995675083069479
0.09995661535211169
0.09995648227406108
0.0999563515531442
0.09995622314676991
0.09995609701313893
0.09995597311122865
0.09995585140077815
0.0999557318422732
0.09995561439693225
0.09995549902669207
0.09995538569419396
0.09995527436277019
0.09995516499643081
0.09995505755985062
0.09995495201835634
0.09995484833791417
0.0999547464851176
0.09995464642717539
0.09995454813189986
0.09995445156769524
0.09995435670354659
0.09995426350900857
0.09995417195419472
0.09995408200976674
0.09995399364692419
0.0999539068373942
0.0999538215534216
0.09995373776775883
0.09995365545365673
0.09995357458485479
0.09995349513557218
0.09995341708049849
0.09995334039478491
0.09995326505403575
0.0999531910342995
0.09995311831206094
0.09995304686423256
0.09995297666814681
0.09995290770154806
0.0999528399425849
0.09995277336980267
0.09995270796213594
0.09995264369890125
0.09995258055978995
0.09995251852486135
0.09995245757453568
0.09995239768958745
0.09995233885113887
0.09995228104065326
0.0999522242399289
0.09995216843109267
0.09995211359659396
0.09995205971919884
0.09995200678198381
0.09995195476833049
0.09995190366191983
0.09995185344672637
0.09995180410701313
0.09995175562732596
0.09995170799248866
0.09995166118759749
0.09995161519801651
0.09995157000937238
0.09995152560754963
0.0999514819786859
0.09995143910916732
0.09995139698562391
0.09995135559492506
0.09995131492417529
0.09995127496070973
0.09995123569209012
0.0999511971061004
0.09995115919074292
0.09995112193423425
0.09995108532500128
0.09995104935167756
0.09995101400309923
0.09995097926830163
0.09995094513651542
0.09995091159716318
0.0999508786398559
0.09995084625438933
0.09995081443074107
0.09995078315906675
0.0999507524296972
0.099950722233135
0.09995069256005158
0.09995066340128392
0.09995063474783179
0.09995060659085464
0.09995057892166867
0.09995055173174425
0.09995052501270285
0.09995049875631441
0.09995047295449468
0.09995044759930258
0.0999504226829376
0.09995039819773728
0.09995037413617468
0.09995035049085602
0.0999503272545181
0.09995030442002624
0.09995028198037169
0.0999502599286695
0.09995023825815628
0.09995021696218802
0.09995019603423785
0.09995017546789418
0.09995015525685828
0.09995013539494257
0.09995011587606845
0.0999500966942644
0.09995007784366405
0.09995005931850434
0.09995004111312358
0.09995002322195969
0.09995000563954856
0.09994998836052198
0.09994997137960618
0.09994995469162007
0.09994993829147361
0.0999499221741661
0.09994990633478464
0.0999498907685027
0.09994987547057824
0.0999498604363526
0.09994984566124876
0.0999498311407699
0.0999498168704981
0.0999498028460929
0.09994978906328976
0.09994977551789892
0.09994976220580404
0.09994974912296073
0.09994973626539545
0.09994972362920422
0.09994971121055128
0.09994969900566801
0.09994968701085168
0.09994967522246428
0.09994966363693138
0.09994965225074097
0.09994964106044246
0.09994963006264551
0.09994961925401892
0.09994960863128964
0.09994959819124186
0.09994958793071576
0.09994957784660666
0.09994956793586407
0.09994955819549067
0.09994954862254143
0.09994953921412252
0.09994952996739072
0.09994952087955218
0.09994951194786181
0.09994950316962235
0.09994949454218337
0.09994948606294073
0.09994947772933548
0.0999494695388533
0.09994946148902353
0.09994945357741856
0.09994944580165296
0.09994943815938266
0.0999494306483046
0.09994942326615548
0.09994941601071156
0.09994940887978743
0.099949401871236
0.09994939498294718
0.0999493882128477
0.09994938155890015
0.09994937501910262
0.09994936859148779
0.09994936227412259
0.09994935606510742
0.09994934996257572
0.09994934396469318
0.09994933806965732
0.099949332275697
0.09994932658107168
0.09994932098407103
0.09994931548301435
0.09994931007625
0.09994930476215506
0.09994929953913462
0.09994929440562145
0.09994928936007541
0.09994928440098305
0.09994927952685705
0.09994927473623598
0.09994927002768347
0.09994926539978821
0.09994926085116322
0.09994925638044545
0.0999492519862955
0.0999492476673971
0.09994924342245673
0.09994923925020323
0.09994923514938743
0.09994923111878172
0.09994922715717965
0.09994922326339575
0.09994921943626485
0.09994921567464206
0.09994921197740214
0.09994920834343941
0.0999492047716671
0.09994920126101738
0.09994919781044069
0.09994919441890569
0.09994919108539878
0.09994918780892391
0.0999491845885021
0.09994918142317138
0.09994917831198623
0.09994917525401763
0.09994917224835236
0.09994916929409305
0.09994916639035789
0.09994916353628001
0.09994916073100778
0.09994915797370406
0.09994915526354611
0.09994915259972546
0.09994914998144755
0.09994914740793147
0.09994914487840975
0.09994914239212824
0.09994913994834555
0.0999491375463333
0.09994913518537552
0.09994913286476859
0.09994913058382099
0.09994912834185303