1.6085506122072741
1.6011353761158917
1.5937421813053168
1.586371139622633
1.579022362719473
1.5716959620326294
1.5643920487643534
1.5571107338623373
1.54985212799938
1.5426163415527414
1.5354034845831874
1.5282136668137218
1.521046997608017
1.5139035859485357
1.5067835404143566
1.4996869691587014
1.4926139798861688
1.4855646798296755
1.4785391757271187
1.4715375737977534
1.464559979718293
1.457606498598746
1.4506772349579802
1.4437722926990364
1.4368917750841843
1.430035784709735
1.4232044234806158
1.4163977925847164
1.4096159924670064
1.4028591228034473
1.3961272824746884
1.3894205695395785
1.3827390812084768
1.3760829138164
1.36945216279599
1.3628469226503368
1.3562672869256476
1.349713348183785
1.3431851979746856
1.3366829268086655
1.3302066241286308
1.3237563782822044
1.3173322764937785
1.3109344048365192
1.304562848204318
1.2982176902837224
1.2918990135258521
1.2856068991183187
1.2793414269571581
1.2731026756188053
1.2668907223321133
1.2607056429504429
1.2545475119238347
1.2484164022712836
1.2423123855531324
1.236235531843602
1.2301859097034789
1.224163586152973
1.218168626644771
1.2122010950373001
1.2062610535682208
1.2003485628281707
1.1944636817347787
1.1886064675069645
1.1827769756395496
1.176975259878196
1.171201372194692
1.1654553627626085
1.1597372799333405
1.15404717021256
1.1483850782370972
1.1427510467522672
1.1371451165896693
1.1315673266454713
1.1260177138592056
1.1204963131930878
1.1150031576118906
1.109538278063377
1.1041017034593221
1.0986934606571437
1.0933135744421487
1.087962067510428
1.0826389604524072
1.0773442717370776
1.0720780176969185
1.0668402125135348
1.0616308682040203
1.0564499946080657
1.0512975993758267
1.0461736879565657
1.041078263588083
1.0360113272869524
1.0309728778395686
1.0259629117940308
1.0209814234528585
1.0160284048665684
1.0111038458281063
1.006207733868159
1.0013400542513433
0.9965007899732902
0.9916899217586227
0.9869074280598448
0.982153285057138
0.9774274666590774
0.9727299445042676
0.9680606879639061
0.9634196641452726
0.9588068378961515
0.9542221718101822
0.9496656262331427
0.945137159270165
0.9406367267938779
0.936164282453478
0.9317197776847216
0.9273031617208407
0.9229143816043668
0.918553382199868
0.9142201062075825
0.9099144941779511
0.9056364845270257
0.9013860135527613
0.8971630154521668
0.8929674223393111
0.8887991642641686
0.8846581692322946
0.8805443632253132
0.8764576702222054
0.8723980122213827
0.8683653092635268
0.8643594794551822
0.8603804389930821
0.8564281021891915
0.8525023814964447
0.8486031875351637
0.8447304291201296
0.8408840132882964
0.8370638453271155
0.8332698288034567
0.8295018655931008
0.8257598559107812
0.8220436983407513
0.8183532898678554
0.8146885259090787
0.8110493003455509
0.8074355055549823
0.8038470324445045
0.8002837704838935
0.7967456077391474
0.7932324309063962
0.789744125346118
0.7862805751176346
0.7828416630138614
0.7794272705962906
0.7760372782301739
0.7726715651198889
0.7693300093444557
0.7660124878931864
0.7627188767014339
0.7594490506864247
0.7562028837831429
0.7529802489802465
0.7497810183559915
0.7466050631141354
0.7434522536198046
0.7403224594352952
0.7372155493557904
0.7341313914449689
0.7310698530704819
0.7280308009392834
0.7250141011327836
0.7220196191418149
0.7190472199013822
0.7160967678251845
0.7131681268398854
0.710261160419116
0.7073757316171919
0.7045117031025275
0.7016689371907318
0.6988472958773672
0.6960466408703613
0.6932668336220507
0.6905077353608489
0.6877692071225187
0.6850511097810432
0.6823533040790777
0.6796756506579734
0.6770180100873627
0.6743802428942938
0.6717622095919075
0.6691637707076452
0.6665847868109808
0.6640251185406685
0.6614846266314995
0.6589631719405623
0.6564606154729963
0.6539768184072415
0.651511642119769
0.6490649482092994
0.6466365985204954
0.6442264551671333
0.641834380554746
0.6394602374027376
0.6371038887659678
0.6347651980558056
0.63244402906065
0.6301402459659208
0.6278537133735168
0.6255842963207441
0.6233318602987151
0.6210962712702213
0.6188773956870792
0.6166751005069554
0.614489253209671
0.6123197218129898
0.6101663748878936
0.6080290815733496
0.6059077115905708
0.6038021352567791
0.6017122234984709
0.5996378478641949
0.5975788805368419
0.5955351943454577
0.593506662776582
0.5914931599851198
0.5894945608047503
0.5875107407578837
0.5855415760651667
0.5835869436545481
0.5816467211699091
0.5797207869792664
0.5778090201825539
0.5759113006189908
0.5740275088740451
0.572157526285996
0.5703012349521075
0.5684585177344159
0.5666292582651428
0.5648133409517391
0.5630106509815668
0.5612210743262301
0.5594444977455588
0.5576808087912543
0.5559298958102057
0.5541916479474839
0.5524659551490203
0.5507527081639774
0.5490517985468216
0.5473631186591039
0.545686561670954
0.5440220215622994
0.542369393123815
0.5407285719576093
0.5390994544776568
0.5374819379099818
0.5358759202926024
0.534281300475241
0.5326979781188084
0.531125853694667
0.5295648284836848
0.5280148045750791
0.5264756848650638
0.5249473730553034
0.5234297736511798
0.5219227919598799
0.5204263340883095
0.518940306940839
0.517464618216888
0.5159991764083541
0.5145438907968918
0.5130986714510476
0.5116634292232559
0.5102380757467032
0.5088225234320621
0.5074166854641061
0.506020475798205
0.5046338091567085
0.5032566010252235
0.501888767648787
0.5005302260279443
0.4991808939147304
0.49784068980856644
0.4965095329520692
0.4951873433267822
0.4938740416488308
0.49256954936450487
0.49127378864577437
0.4899866823857421
0.4887081541940337
0.4874381283921346
0.48617653000867095
0.4849232847746434
0.4836783191186146
0.4824415601618523
0.48121293571343476
0.4799923742653192
0.47877980498737643
0.4775751577223944
0.4763783629810558
0.47518935193688855
0.4740080564211953
0.47283440891796236
0.4716683425587518
0.47050979111757824
0.4693586890057731
0.46821497126683825
0.4670785735712923
0.4659494322115091
0.46482748409655406
0.4637126667470168
0.4626049182898442
0.46150417745317446
0.4604103835611759
0.4593234765288876
0.4582433968570707
0.45717008562706374
0.4561034844956507
0.45504353568993816
0.453990182002246
0.45294336678501074
0.4519030339457054
0.45086912794177353
0.44984159377558214
0.44882037698939314
0.4478054236603529
0.4467966803955041
0.4457940943268171
0.4447976131062466
0.44380718490080806
0.4428227583876812
0.4418442827493372
0.44087170766869144
0.4399049833242827
0.4389440603854805
0.4379888900077186
0.437039423827758
0.436095613958978
0.43515741298669786
0.4342247739635267
0.4332976504047453
0.432375996283719
0.43145976602733954
0.43054891451150157
0.42964339705660914
0.4287431694231155
0.4278481878070949
0.42695840883584835
0.42607378956354136
0.4251942874668762
0.42431986044079684
0.42345046679422843
0.42258606524585135
0.4217266149199075
0.42087207534204274
0.4200224064351834
0.41917756851544624
0.4183375222880843
0.4175022288434667
0.41667164965309367
0.415845746565645
0.4150244818030653
0.4142078179566821
0.41339571798335994
0.4125881452016884
0.41178506328820524
0.41098643627365383
0.4101922285392758
0.4094024048131371
0.40861693016648953
0.4078357700101661
0.40705889009101015
0.4062862564883402
0.40551783561044624
0.4047535941911223
0.4039934992862314
0.4032375182703044
0.4024856188331726
0.4017377689766328
0.40099393701114616
0.4002540915525703
0.39951820151892303
0.39878623612717945
0.398058164890102
0.3973339576131009
0.3966135843911287
0.39589701560560514
0.39518422192137453
0.39447517428369366
0.3937698439152521
0.393068202313222
0.39237022124633997
0.39167587275201887
0.3909851291334899
0.39029796295697455
0.3896143470488875
0.38893425449306757
0.38825765862803935
0.38758453304430374
0.3869148515816564
0.38624858832653647
0.3855857176094026
0.3849262140021376
0.38427005231548117
0.3836172075964902
0.38296765512602654
0.38232137041627196
0.3816783292082705
0.3810385074694971
0.38040188139145314
0.3797684273872883
0.37913812208944764
0.3785109423473458
0.3778868652250656
0.37726586799908274
0.376647928156015
0.3760330233903967
0.37542113160247753
0.37481223089604565
0.37420629957627516
0.3736033161475974
0.3730032593115955
0.37240610796492296
0.37181184119724464
0.3712204382892018
0.37063187871039815
0.3700461421174103
0.36946320835181895
0.3688830574382625
0.36830566958251315
0.3677310251695731
0.3671591047617941
0.3665898890970155
0.3660233590867256
0.36545949581424225
0.3648982805329143
0.36433969466434324
0.36378371979662466
0.3632303376826099
0.3626795302381868
0.36213127954058005
0.36158556782667056
0.36104237749133394
0.3605016910857973
0.35996349131601557
0.3594277610410642
0.35889448327155243
0.35836364116805225
0.3578352180395467
0.3573091973418946
0.356785562676313
0.356264297787877
0.3557453865640361
0.35522881303314724
0.3547145613630251
0.35420261585950746
0.3536929609650384
0.3531855812572657
0.3526804614476556
0.35217758638012225
0.3516769410296729
0.3511785105010685
0.35068228002749924
0.35018823496927454
0.34969636081252903
0.34920664316794175
0.34871906776947076
0.34823362047310125
0.34775028725560847
0.3472690542133339
0.34678990756097566
0.3463128336303922
0.3458378188694196
0.3453648498407022
0.34489391322053614
0.344424995797726
0.34395808447245463
0.3434931662551648
0.343030228265454
0.34256925773098196
0.34211024198638923
0.3416531684722291
0.3411980247339106
0.34074479842065386
0.340293477284457
0.33984404917907407
0.339396502059005
0.3389508239784971
0.33850700309055604
0.33806502764597035
0.33762488599234436
0.3371865665731437
0.33675005792674995
0.3363153486855273
0.3358824275748981
0.3354512834124296
0.3350219051069306
0.334594281657558
0.3341684021529332
0.3337442557702686
0.3333218317745031
0.33290111951744783
0.33248210843694115
0.33206478805601247
0.3316491479820559
0.33123517790601265
0.3308228676015626
0.3304122069243246
0.33000318581106536
0.32959579427891794
0.32919002242460743
0.3287858604236863
0.32838329852977705
0.32798232707382435
0.3275829364633547
0.32718511718174326
0.32678885978749067
0.3263941549135063
0.3260009932663993
0.32560936562577836
0.3252192628435576
0.32483067584327197
0.3244435956193976
0.3240580132366819
0.3236739198294793
0.32329130660109484
0.3229101648231348
0.322530485834864
0.32215226104257055
0.3217754819189372
0.3214001400024189
0.3210262268966282
0.32065373426972643
0.320282653853821
0.3199129774443707
0.3195446968995959
0.31917780413989527
0.3188122911472696
0.31844814996475074
0.31808537269583725
0.31772395150393584
0.3173638786118089
0.3170051463010275
0.3166477469114305
0.31629167284058973
0.31593691654327993
0.3155834705309554
0.31523132737123094
0.3148804796873695
0.31453092015777423
0.3141826415154867
0.3138356365476896
0.31348989809521555
0.31314541905206006
0.31280219236490026
0.3124602110326189
0.31211946810583235
0.31177995668642466
0.31144166992708555
0.3111046010308538
0.31076874325066517
0.31043408988890503
0.3101006342969658
0.30976836987480877
0.3094372900705303
0.3091073883799329
0.3087786583461009
0.3084510935589796
0.3081246876549599
0.307799434316466
0.3074753272715488
0.30715236029348214
0.3068305272003638
0.3065098218547204
0.30619023816311675
0.3058717700757687
0.30555441158616015
0.3052381567306642
0.30492299958816715
0.3046089342796984
0.3042959549680614
0.30398405585747085
0.30367323119319184
0.30336347526118346
0.303054782387746
0.30274714693917154
0.3024405633213976
0.3021350259796656
0.30183052939818134
0.3015270680997793
0.3012246366455913
0.30092322963471674
0.30062284170389786
0.30032346752719674
0.3000251018156771
0.29972773931708757
0.2994313748155495
0.2991360031312472
0.2988416191201217
0.2985482176735665
0.2982557937181279
0.2979643422152071
0.29767385816076597
0.29738433658503494
0.2970957725522244
0.29680816116023934
0.2965214975403953
0.2962357768571386
0.29595099430776894
0.2956671451221642
0.2953842245625082
0.2951022279230216
0.29482115052969504
0.29454098774002435
0.2942617349427493
0.2939833875575947
0.2937059410350131
0.2934293908559312
0.2931537325314983
0.2928789616028362
0.29260507364079374
0.29233206424570113
0.29205992904712874
0.29178866370364687
0.2915182639025885
0.2912487253598141
0.29098004381947884
0.29071221505380207
0.2904452348628381
0.29017909907425105
0.28991380354308993
0.2896493441515671
0.28938571680883823
0.28912291745078433
0.2888609420397967
0.28859978656456253
0.28833944703985404
0.288079919506318
0.28782120003026884
0.28756328470348264
0.28730616964299344
0.2870498509908913
0.28679432491412277
0.2865395876042924
0.28628563527746653
0.2860324641739796
0.2857800705582409
0.28552845071854405
0.28527760096687826
0.28502751763874085
0.28477819709295193
0.2845296357114709
0.2842818298992139
0.28403477608387395
0.28378847071574226
0.28354291026753087
0.2832980912341974
0.2830540101327719
0.28281066350218365
0.28256804790309126
0.28232615991771376
0.2820849961496625
0.2818445532237761
0.2816048277859552
0.2813658165030003
0.28112751606244957
0.28088992317241984
0.28065303456144736
0.2804168469783309
0.2801813571919765
0.27994656199124296
0.27971245818478896
0.27947904260092193
0.27924631208744777
0.27901426351152225
0.27878289375950355
0.27855219973680645
0.2783221783677572
0.2780928265954505
0.27786414138160714
0.27763611970643326
0.2774087585684809
0.277182054984509
0.2769560059893468
0.2767306086357581
0.27650585999430627
0.27628175715322056
0.2760582972182643
0.2758354773126034
0.27561329457667627
0.2753917461680655
0.2751708292613697
0.274950541048077
0.27473087873644003
0.2745118395513508
0.27429342073421814
0.27407561954284526
0.2738584332513086
0.2736418591498379
0.27342589454469707
0.2732105367580663
0.27299578312792533
0.2727816310079372
0.2725680777673336
0.27235512079080065
0.27214275747836664
0.27193098524528914
0.271719801521945
0.2715092037537197
0.2712991894008985
0.2710897559385583
0.27088090085646044
0.27067262165894435
0.27046491586482263
0.2702577810072758
0.27005121463374954
0.26984521430585146
0.2696397775992496
0.2694349021035714
0.26923058542230366
0.2690268251726932
0.2688236189856489
0.2686209645056434
0.26841885939061716
0.2682173013118822
0.26801628795402693
0.2678158170148222
0.26761588620512755
0.26741649324879857
0.2672176358825949
0.26701931185608924
0.26682151893157713
0.2666242548839868
0.2664275175007907
0.26623130458191735
0.26603561393966385
0.26584044339860907
0.2656457907955282
0.2654516539793069
0.26525803081085725
0.26506491916303365
0.26487231692054974
0.26468022197989616
0.26448863224925867
0.264297545648437
0.26410696010876444
0.2639168735730281
0.2637272839953901
0.2635381893413087
0.26334958758746063
0.2631614767216641
0.2629738547428022
0.2627867196607466
0.2626000694962833
0.26241390228103645
0.2622282160573955
0.26204300887844145
0.26185827880787355
0.2616740239199376
0.2614902422993539
0.2613069320412462
0.2611240912510714
0.260941718044549
0.2607598105475927
0.2605783668962402
0.2603973852365863
0.26021686372471425
0.2600368005266288
0.25985719381818967
0.2596780417850453
0.25949934262256713
0.2593210945357849
0.2591432957393217
0.2589659444573303
0.2587890389234291
0.25861257738063964
0.2584365580813238
0.25826097928712205
0.25808583926889134
0.2579111363066446
0.25773686868948975
0.25756303471557007
0.2573896326920043
0.25721666093482753
0.2570441177689323
0.2568720015280109
0.2567003105544968
0.25652904319950837
0.2563581978227912
0.2561877727926618
0.2560177664859521
0.255848177287953
0.25567900359236045
0.2555102438012196
0.2553418963248714
0.2551739595818981
0.25500643199907036
0.25483931201129395
0.2546725980615571
0.25450628860087865
0.2543403820882557
0.25417487699061286
0.2540097717827505
0.25384506494729503
0.253680754974648
0.2535168403629362
0.2533533196179629
0.25319019125315806
0.2530274537895302
0.25286510575561727
0.25270314568743973
0.2525415721284522
0.2523803836294964
0.25221957874875434
0.2520591560517017
0.25189911411106203
0.25173945150676
0.2515801668258773
0.2514212586626062
0.2512627256182054
0.25110456630095573
0.2509467793261155
0.2507893633158771
0.25063231689932336
0.25047563871238465
0.25031932739779567
0.2501633816050533
0.2500077999903742
0.24985258121665316
0.24969772395342124
0.24954322687680494
0.24938908866948492
0.24923530802065544
0.2490818836259842
0.24892881418757196
0.2487760984139133
0.24862373501985666
0.24847172272656556
0.2483200602614795
0.24816874635827557
0.24801777975683006
0.24786715920318023
0.24771688344948706
0.24756695125399736
0.24741736138100684
0.24726811260082307
0.2471192036897288
0.24697063342994574
0.24682240060959829
0.24667450402267768
0.24652694246900667
0.24637971475420378
0.24623281968964864
0.2460862560924467
0.24594002278539517
0.2457941185969484
0.24564854236118372
0.24550329291776793
0.24535836911192335
0.24521376979439502
0.2450694938214167
0.24492554005467926
0.24478190736129649
0.2446385946137743
0.24449560068997742
0.24435292447309792
0.24421056485162346
0.2440685207193058
0.2439267909751295
0.24378537452328092
0.24364427027311727
0.24350347713913637
0.24336299404094586
0.2432228199032333
0.243082953655736
0.2429433942332116
0.2428041405754082
0.2426651916270353
0.24252654633773432
0.24238820366205022
0.24225016255940243
0.24211242199405625
0.24197498093509487
0.2418378383563912
0.2417009932365795
0.2415644445590284
0.24142819131181267
0.24129223248768644
0.24115656708405578
0.24102119410295153
0.24088611255100315
0.2407513214394115
0.24061681978392283
0.24048260660480245
0.24034868092680872
0.24021504177916703
0.24008168819554435
0.23994861921402372
0.23981583387707864
0.23968333123154822
0.23955111032861218
0.23941917022376583
0.23928750997679568
0.23915612865175473
0.23902502531693853
0.23889419904486053
0.23876364891222845
0.23863337399992054
0.23850337339296176
0.23837364618050028
0.2382441914557843
0.23811500831613866
0.23798609586294203
0.23785745320160404
0.23772907944154248
0.23760097369616073
0.2374731350828256
0.23734556272284485
0.23721825574144495
0.23709121326774968
0.23696443443475784
0.2368379183793217
0.23671166424212564
0.2365856711676646
0.2364599383042231
0.23633446480385376
0.23620924982235694
0.23608429251925928
0.23595959205779363
0.23583514760487817
0.23571095833109593
0.23558702341067495
0.23546334202146807
0.23533991334493237
0.2352167365661102
0.2350938108736088
0.2349711354595808
0.2348487095197052
0.23472653225316753
0.23460460286264076
0.23448292055426656
0.23436148453763567
0.23424029402576993
0.23411934823510272
0.23399864638546103
0.2338781877000466
0.2337579714054176
0.233637996731471
0.23351826291142327
0.23339876918179372
0.23327951478238568
0.23316049895626914
0.2330417209497631
0.23292318001241794
0.23280487539699798
0.23268680635946448
0.2325689721589581
0.23245137205778188
0.23233400532138454
0.23221687121834303
0.2320999690203468
0.23198329800218007
0.23186685744170582
0.23175064661984945
0.2316346648205823
0.2315189113309052
0.23140338544083297
0.2312880864433778
0.23117301363453352
0.23105816631326015
0.23094354378146748
0.2308291453440001
0.23071497030862173
0.23060101798599955
0.23048728768968915
0.23037377873611933
0.23026049044457667
0.23014742213719094
0.23003457313891987
0.22992194277753433
0.22980953038360374
0.22969733529048134
0.2295853568342895
0.22947359435390555
0.2293620471909471
0.22925071468975794
0.2291395961973938
0.2290286910636084
0.2289179986408388
0.2288075182841924
0.2286972493514324
0.22858719120296447
0.22847734320182253
0.22836770471365583
0.22825827510671504
0.22814905375183875
0.2280400400224407
0.22793123329449563
0.22782263294652685
0.22771423835959298
0.22760604891727487
0.22749806400566236