1.4288863205701496
1.4288177716781585
1.4287492254831524
1.4286806819852271
1.4286121411844772
1.4285436030809984
1.4284750676748852
1.4284065349662327
1.4283380049551364
1.4282694776416904
1.428200953025991
1.4281324311081316
1.4280639118882086
1.4279953953663158
1.427926881542549
1.4278583704170027
1.4277898619897722
1.4277213562609514
1.4276528532306365
1.4275843528989218
1.4275158552659015
1.4274473603316715
1.4273788680963262
1.4273103785599606
1.4272418917226681
1.4271734075845457
1.4271049261456867
1.427036447406186
1.426967971366139
1.42689949802564
1.4268310273847833
1.4267625594436641
1.4266940942023776
1.4266256316610169
1.4265571718196783
1.4264887146784555
1.4264202602374432
1.426351808496736
1.4262833594564288
1.426214913116616
1.4261464694773922
1.4260780285388517
1.42600959030109
1.4259411547642
1.4258727219282776
1.4258042917934166
1.4257358643597113
1.4256674396272568
1.4255990175961473
1.4255305982664768
1.4254621816383404
1.4253937677118322
1.4253253564870465
1.4252569479640775
1.4251885421430202
1.4251201390239685
1.4250517386070163
1.4249833408922592
1.42491494587979
1.424846553569704
1.4247781639620951
1.4247097770570578
1.424641392854686
1.424573011355074
1.424504632558316
1.4244362564645066
1.4243678830737392
1.424299512386109
1.4242311444017095
1.424162779120635
1.4240944165429794
1.4240260566688367
1.4239576994983016
1.4238893450314678
1.42382099326843
1.4237526442092812
1.4236842978541158
1.4236159542030282
1.423547613256112
1.4234792750134615
1.4234109394751704
1.4233426066413328
1.4232742765120427
1.4232059490873943
1.4231376243674811
1.423069302352397
1.4230009830422357
1.4229326664370918
1.4228643525370588
1.4227960413422303
1.4227277328527002
1.4226594270685629
1.4225911239899116
1.4225228236168403
1.4224545259494425
1.4223862309878126
1.422317938732044
1.4222496491822298
1.422181362338465
1.4221130782008424
1.4220447967694556
1.421976518044399
1.4219082420257656
1.4218399687136491
1.4217716981081436
1.4217034302093423
1.4216351650173389
1.4215669025322273
1.4214986427541005
1.4214303856830526
1.4213621313191767
1.4212938796625665
1.4212256307133153
1.4211573844715175
1.4210891409372657
1.421020900110653
1.420952661991774
1.4208844265807217
1.4208161938775887
1.4207479638824696
1.4206797365954575
1.420611512016645
1.4205432901461266
1.4204750709839948
1.4204068545303434
1.4203386407852656
1.4202704297488546
1.4202022214212038
1.4201340158024063
1.4200658128925556
1.419997612691745
1.4199294152000677
1.4198612204176162
1.419793028344485
1.4197248389807662
1.4196566523265537
1.41958846838194
1.419520287147019
1.4194521086218834
1.419383932806626
1.4193157597013406
1.4192475893061196
1.4191794216210565
1.4191112566462445
1.419043094381776
1.4189749348277447
1.4189067779842435
1.418838623851365
1.4187704724292023
1.4187023237178487
1.418634177717397
1.4185660344279398
1.418497893849571
1.4184297559823822
1.4183616208264669
1.418293488381918
1.4182253586488287
1.4181572316272917
1.4180891073173991
1.4180209857192445
1.4179528668329202
1.4178847506585195
1.4178166371961354
1.4177485264458598
1.4176804184077858
1.4176123130820062
1.417544210468614
1.417476110567701
1.4174080133793614
1.4173399189036864
1.4172718271407694
1.4172037380907028
1.4171356517535791
1.4170675681294915
1.416999487218532
1.4169314090207932
1.416863333536368
1.4167952607653493
1.416727190707829
1.4166591233638994
1.4165910587336539
1.4165229968171837
1.416454937614583
1.4163868811259428
1.4163188273513565
1.4162507762909158
1.4161827279447134
1.4161146823128419
1.4160466393953934
1.4159785991924603
1.4159105617041359
1.415842526930511
1.4157744948716788
1.4157064655277312
1.4156384388987613
1.4155704149848605
1.4155023937861217
1.4154343753026368
1.415366359534498
1.415298346481798
1.4152303361446283
1.4151623285230817
1.4150943236172502
1.4150263214272258
1.4149583219531012
1.4148903251949674
1.4148223311529178
1.4147543398270437
1.4146863512174375
1.414618365324191
1.4145503821473966
1.4144824016871462
1.4144144239435321
1.4143464489166457
1.4142784766065803
1.4142105070134259
1.4141425401372762
1.414074575978222
1.4140066145363563
1.41393865581177
1.4138706998045556
1.413802746514805
1.41373479594261
1.4136668480880623
1.4135989029512541
1.4135309605322768
1.4134630208312224
1.413395083848183
1.41332714958325
1.4132592180365158
1.4131912892080714
1.413123363098009
1.4130554397064197
1.412987519033396
1.4129196010790295
1.4128516858434115
1.412783773326634
1.4127158635287882
1.4126479564499668
1.4125800520902603
1.4125121504497604
1.4124442515285593
1.4123763553267483
1.412308461844419
1.4122405710816628
1.4121726830385715
1.4121047977152366
1.4120369151117496
1.4119690352282015
1.4119011580646843