1.1012502216122175
1.0699729599372074
1.0393986461998912
1.0095539191128995
0.9804631530626083
0.952148053401896
0.924627293726314
0.8979162106623502
0.8720265693150574
0.8469664090581103
0.8227399751017517
0.7993477366466297
0.7767864878720634
0.7550495239404782
0.7341268809665438
0.7140056267150355
0.6946701877288673
0.6761026985887568
0.6582833599057705
0.6411907932212114
0.6248023829860438
0.6090945979778637
0.5940432866875909
0.5796239432205471
0.5658119420096533
0.5525827410819945
0.5399120547424496
0.5277759973558882
0.5161512004567628
0.5050149057350087
0.4943450365856647
0.4841202509101503
0.4743199777584813
0.4649244402365894
0.45591466689766447
0.4472724936113671
0.43898055767482697
0.4310222857050987
0.4233818766411064
0.4160442809882797
0.4089951772631545
0.4022209464388427
0.395708645055082
0.38944597753752586
0.3834212681686243
0.3776234330652533
0.3720419524445212
0.36666684339727257
0.3614886333371898
0.3564983342506235
0.3516874178371085
0.3470477916017701
0.34257177593753135
0.3382520822162897
0.3340817918933231
0.3300543366174435
0.32616347933031165
0.32240329633138226
0.3187681602797867
0.31525272410074423
0.3118519057615481
0.308560873880581
0.3053750341319728
0.30229001640827163
0.2993016627037321
0.2964060156814134
0.29359930788814825
0.2908779515825224
0.28823852914221365
0.28567778401837257
0.28319261220610153
0.2807800542015106
0.2784372874172562
0.2761616190298841
0.27395047923369786
0.27180141487723325
0.26971208345974296
0.2676802474663671
0.2657037690218885
0.2637806048441445
0.26190880147927426
0.2600864908020489
0.2583118857655293
0.25658327638525236
0.2548990259440427
0.25325756740439465
0.25165740001617176
0.2500970861081167
0.2485752480523782
0.24709056539192234
0.24564177212132016
0.24422765411198996
0.24284704667352183
0.24149883224322496
0.24018193819652459
0.23889533477128502
0.23763803309955925
0.2364090833406642
0.23520757290985142
0.23403262479719059
0.2328833959716102
0.23175907586534697
0.2306588849343362
0.22958207329035007
0.22852791940093645
0.22749572885344815
0.22648483317967263
0.22549458873777814
0.22452437564848549
0.2235735967825562
0.22264167679685784
0.22172806121642558
0.22083221556009
0.21995362450737949
0.21909179110453902
0.2182462360076278
0.21741649676077723
0.21660212710779667
0.21580269633541724
0.21501778864656165
0.21424700256211457
0.21348995034975612
0.2127462574784985
0.21201556209764139
0.21129751453893247
0.21059177684078365
0.20989802229345994
0.2092159350042108
0.20854520948137453
0.20788555023653513
0.2072366714038599
0.20659829637579438
0.205970157454332
0.20535199551711955
0.20474355969769537
0.20414460707919613
0.20355490240090102
0.20297421777701535
0.202402332427125
0.2018390324177845
0.20128411041472585
0.20073736544520387
0.2001986026700157
0.1996676331647575
0.1991442737099011
0.19862834658929615
0.19811967939672037
0.19761810485012135
0.19712346061320904
0.19663558912407583
0.196154337430536
0.1956795570318915
0.19521110372684525
0.19474883746729585
0.19429262221776125
0.1938423258201896
0.19339781986392848
0.1929589795606323
0.19252568362390077
0.19209781415344782
0.19167525652361236
0.19125789927602943
0.19084563401628865
0.19043835531441583
0.19003596060902
0.18963835011495517
0.18924542673435482
0.18885709597090025
0.18847326584719337
0.18809384682510805
0.18771875172900107
0.18734789567166815
0.18698119598293558
0.1866185721407836
0.18625994570490145
0.18590524025257826
0.1855543813168383
0.18520729632673424
0.1848639145497128
0.18452416703597446
0.18418798656474936
0.18385530759241608
0.18352606620239348
0.1832002000567373
0.18287764834937772
0.18255835176093532
0.18224225241505645
0.18192929383621104
0.18161942090889838
0.181312579838208
0.18100871811168665
0.1807077844624619
0.18040972883357712
0.18011450234349294
0.17982205725271347
0.17953234693149522
0.17924532582860053
0.17896094944105795
0.17867917428489208
0.17839995786679005
0.17812325865666992
0.1778490360611192
0.17757725039767325
0.1773078628699035
0.17704083554328676
0.17677613132182934
0.17651371392541834
0.17625354786787575
0.17599559843569082
0.17573983166740714
0.17548621433364206
0.17523471391771686
0.17498529859687642
0.17473793722407915
0.1744925993103369
0.17424925500758692
0.17400787509207793
0.17376843094825262
0.17353089455311047
0.1732952384610347
0.17306143578906785
0.1728294602026214
0.17259928590160487
0.17237088760696068
0.1721442405475919
0.17191932044766897
0.17169610351430464
0.17147456642558412
0.1712546863189385
0.1710364407798524
0.17081980783089254
0.17060476592104934
0.17039129391537972
0.17017937108494266
0.16996897709701805
0.1697600920055992
0.16955269624215166
0.16934677060662878
0.16914229625873653
0.16893925470944024
0.16873762781270477
0.16853739775746165
0.168338547059796
0.1681410585553464
0.16794491539191114
0.16775010102225485
0.16755659919710886
0.16736439395835992
0.1671734696324217
0.16698381082378255
0.16679540240872562
0.1666082295292151
0.16642227758694422
0.16623753223753984
0.16605397938491928
0.1658716051757943
0.16569039599431917
0.1655103384568768
0.1653314194070004
0.16515362591042612
0.16497694525027268
0.16480136492234446
0.1646268726305548
0.16445345628246566
0.16428110398493992
0.16410980403990455
0.16393954494021942
0.16377031536565054
0.16360210417894375
0.1634349004219963
0.16326869331212357
0.16310347223841837
0.1629392267581998
0.16277594659354974
0.16261362162793422
0.16245224190290689
0.1622917976148934
0.16213227911205338
0.16197367689121833
0.16181598159490357
0.1616591840083915
0.1615032750568852
0.16134824580272966
0.16119408744269886
0.16104079130534787
0.16088834884842643
0.16073675165635445
0.16058599143775615
0.1604360600230516
0.16028694936210527
0.1601386515219284
0.15999115868443475
0.1598444631442483
0.15969855730656113
0.15955343368504046
0.1594090848997836
0.1592655036753191
0.15912268283865383
0.15898061531736352
0.15883929413772668
0.1586987124229006
0.15855886339113776
0.15841974035404227
0.15828133671486502
0.15814364596683653
0.15800666169153688
0.15787037755730102
0.1577347873176595
0.1575998848098132
0.1574656639531411
0.1573321187477405
0.15719924327299914
0.1570670316861976
0.15693547822114226
0.15680457718682717
0.15667432296612463
0.15654471001450374
0.1564157328587758
0.1562873860958668
0.15615966439161508
0.1560325624795948
0.1559060751599638
0.15578019729833534
0.15565492382467377
0.15553024973221238
0.15540617007639437
0.15528267997383496
0.15515977460130526
0.15503744919473653
0.15491569904824515
0.15479451951317694
0.15467390599717112
0.1545538539632431
0.15443435892888568
0.15431541646518823
0.15419702219597356
0.15407917179695185
0.15396186099489134
0.15384508556680573
0.15372884133915715
0.15361312418707515
0.15349793003359058
0.15338325484888507
0.15326909464955424
0.1531554454978861
0.15304230350115247
0.152929664810915
0.15281752562234355
0.1527058821735484
0.15259473074492477
0.15248406765850986
0.15237388927735201
0.15226419200489213
0.15215497228435607
0.15204622659815908
0.15193795146732114
0.15183014345089296
0.1517227991453929
0.1516159151842543
0.15150948823728294
0.15140351501012425
0.1512979922437407
0.1511929167138986
0.1510882852306638
0.15098409463790746
0.15088034181281956
0.15077702366543236
0.15067413713815148
0.15057167920529596
0.1504696468726464
0.1503680371770008
0.15026684718573882
0.15016607399639317
0.15006571473622912
0.14996576656183086
0.14986622665869545
0.1497670922408338
0.14966836055037822
0.1495700288571976
0.1494720944585181
0.1493745546785514
0.14927740686812865
0.14918064840434103
0.14908427669018634
0.14898828915422144
0.14889268325022098
0.14879745645684125
0.1487026062772904
0.1486081302390036
0.148514025893324
0.1484202908151889
0.14832692260282088
0.14823391887742465
0.14814127728288812
0.148048995485489
0.147957071173606
0.1478655020574346
0.14777428586870775
0.1476834203604208
0.1475929033065611
0.1475027325018418
0.14741290576144014
0.14732342092073974
0.14723427583507692
0.14714546837949144
0.1470569964484809
0.14696885795575892
0.14688105083401748
0.14679357303469281
0.14670642252773497
0.14661959730138072
0.14653309536193074
0.14644691473352925
0.14636105345794795
0.14627550959437283
0.14619028121919422
0.14610536642580035
0.14602076332437378
0.14593647004169105
0.14585248472092555
0.14576880552145288
0.1456854306186597
0.1456023582037552
0.14551958648358518
0.1454371136804496
0.14535493803192165
0.14527305779067112
0.14519147122428885
0.14511017661511463
0.1450291722600675
0.1449484564704785
0.14486802757192557
0.14478788390407143
0.14470802382050332
0.14462844568857539
0.14454914788925308
0.14447012881695992
0.14439138687942665
0.14431292049754207
0.14423472810520666
0.14415680814918744
0.14407915908897584
0.1440017793966468
0.14392466755672018
0.14384782206602434
0.1437712414335611
0.14369492418037294
0.14361886883941205
0.14354307395541127
0.14346753808475632
0.1433922597953604
0.14331723766654025
0.1432424702888938
0.14316795626417983
0.14309369420519885
0.14301968273567592
0.14294592049014487
0.1428724061138343
0.14279913826255494
0.1427261156025883
0.1426533368105775
0.14258080057341888
0.1425085055881553
0.14243645056187093
0.14236463421158743
0.14229305526416114
0.14222171245618245
0.14215060453387532
0.14207973025299936
0.14200908837875204
0.14193867768567323
0.14186849695755002
0.1417985449873235
0.14172882057699634
0.14165932253754165
0.14159004968881317
0.1415210008594564
0.14145217488682074
0.1413835706168734
0.14131518690411346
0.14124702261148783
0.14117907661030774
0.1411113477801667
0.14104383500885903
0.14097653719229977
0.14090945323444562
0.14084258204721622
0.14077592255041765
0.1407094736716654
0.14064323434630932
0.1405772035173594
0.1405113801354118
0.14044576315857663
0.14038035155240583
0.14031514428982278
0.14025014035105185
0.14018533872354946
0.14012073840193567
0.14005633838792686
0.13999213769026872
0.13992813532467077
0.1398643303137408
0.13980072168692084
0.13973730848042365
0.1396740897371695
0.13961106450672447
0.1395482318452391
0.13948559081538747
0.13942314048630763
0.13936087993354213
0.13929880823897955
0.13923692449079686
0.13917522778340197
0.13911371721737728
0.139052391899424
0.1389912509423067
0.13893029346479877
0.1388695185916286
0.13880892545342619
0.13874851318667022
0.13868828093363614
0.13862822784234444
0.1385683530665098
0.1385086557654908
0.13844913510423976
0.13838979025325368
0.13833062038852567
0.1382716246914964
0.13821280234900685
0.13815415255325086
0.13809567450172874
0.13803736739720124
0.13797923044764374
0.13792126286620132
0.13786346387114443
0.13780583268582428
0.13774836853862965
0.13769107066294356
0.13763393829710072
0.1375769706843453
0.13752016707278902
0.1374635267153701
0.13740704886981225
0.13735073279858426
0.13729457776886014
0.1372385830524793
0.13718274792590773
0.137127071670199
0.13707155357095618
0.13701619291829378
0.1369609890068003
0.13690594113550092
0.1368510486078213
0.13679631073155052
0.13674172681880575
0.1366872961859963
0.1366330181537884
0.13657889204707066
0.13652491719491922
0.1364710929305638
0.13641741859135384
0.13636389351872516
0.13631051705816674
0.136257288559188
0.13620420737528646
0.1361512728639155
0.13609848438645283
0.13604584130816866
0.135993342998195
0.13594098882949449
0.13588877817883016
0.13583671042673506
0.13578478495748245
0.13573300115905607
0.1356813584231211
0.13562985614499481
0.13557849372361824
0.13552727056152739
0.13547618606482517
0.13542523964315356
0.13537443070966612
0.1353237586810005
0.1352732229772513
0.13522282302194347
0.1351725582420057
0.1351224280677439
0.13507243193281562
0.13502256927420397
0.13497283953219208
0.1349232421503379
0.1348737765754493
0.13482444225755894
0.13477523864990001
0.13472616520888167
0.13467722139406535
0.13462840666814027
0.13457972049690045
0.1345311623492208
0.13448273169703429
0.13443442801530864
0.13438625078202385
0.13433819947814954
0.1342902735876226
0.13424247259732525
0.13419479599706266
0.13414724327954192
0.1340998139403498
0.13405250747793215
0.13400532339357232
0.1339582611913703
0.1339113203782221
0.1338645004637993
0.13381780096052848
0.13377122138357128
0.13372476125080426
0.1336784200827993
0.13363219740280363
0.13358609273672087
0.13354010561309157
0.13349423556307397
0.13344848212042534
0.13340284482148307
0.1333573232051463
0.13331191681285723
0.1332666251885832
0.13322144787879847
0.13317638443246618
0.1331314344010209
0.13308659733835076
0.13304187280078014
0.13299726034705248
0.13295275953831295
0.13290836993809158
0.13286409111228642
0.13281992262914696
0.13277586405925745
0.13273191497552064
0.1326880749531413
0.13264434356961047
0.13260072040468932
0.13255720504039306
0.1325137970609759
0.13247049605291494
0.1324273016048949
0.13238421330779296
0.13234123075466353
0.1322983535407232
0.1322555812633359
0.1322129135219981
0.1321703499183243
0.13212789005603232
0.13208553354092906
0.13204327998089613
0.13200112898587588
0.1319590801678571
0.13191713314086145
0.13187528752092942
0.1318335429261068
0.13179189897643098
0.13175035529391768
0.13170891150254752
0.1316675672282528
0.13162632209890443
0.13158517574429895
0.13154412779614558
0.1315031778880535
0.13146232565551916
0.13142157073591365
0.1313809127684703
0.13134035139427236
0.13129988625624062
0.13125951699912133
0.13121924326947404
0.13117906471565985
0.1311389809878293
0.13109899173791087
0.131059096619599
0.13101929528834277
0.13097958740133425
0.1309399726174972
0.13090045059747582
0.13086102100362348
0.13082168349999151
0.13078243775231835
0.13074328342801855
0.1307042201961719
0.13066524772751267
0.13062636569441896
0.13058757377090208
0.1305488716325962
0.13051025895674756
0.13047173542220444
0.13043330070940704
0.1303949545003768
0.13035669647870687
0.13031852632955157
0.1302804437396169
0.13024244839715043
0.1302045399919316
0.13016671821526204
0.1301289827599558
0.13009133332033004
0.13005376959219536
0.13001629127284645
0.12997889806105278
0.12994158965704927
0.1299043657625274
0.1298672260806255
0.12983017031592042
0.129793198174418
0.1297563093635444
0.12971950359213733
0.129682780570437
0.1296461400100779
0.12960958162407968
0.12957310512683873
0.12953671023411986
0.12950039666304772
0.12946416413209832
0.129428012361091
0.12939194107117988
0.1293559499848459
0.1293200388258886
0.12928420731941803
0.12924845519184686
0.12921278217088233
0.12917718798551855
0.12914167236602828
0.12910623504395569
0.1290708757521083
0.12903559422454944
0.12900039019659068
0.12896526340478418
0.12893021358691548
0.12889524048199574
0.12886034383025466
0.12882552337313305
0.1287907788532755
0.12875611001452325
0.1287215166019072
0.12868699836164046
0.12865255504111162
0.12861818638887754
0.1285838921546566
0.12854967208932166
0.12851552594489332
0.12848145347453302
0.12844745443253638
0.12841352857432653
0.1283796756564474
0.12834589543655706
0.1283121876734214
0.12827855212690742
0.12824498855797684
0.1282114967286797
0.12817807640214807
0.12814472734258953
0.12811144931528118
0.1280782420865631
0.12804510542383257
0.12801203909553746
0.12797904287117057
0.12794611652126325
0.12791325981737972
0.12788047253211074
0.12784775443906796
0.12781510531287793
0.12778252492917636
0.12775001306460218
0.12771756949679186
0.12768519400437375
0.12765288636696231
0.1276206463651526
0.12758847378051447
0.12755636839558723
0.12752432999387403
0.1274923583598364
0.12746045327888889
0.12742861453739332
0.12739684192265405
0.12736513522291196
0.12733349422733975
0.12730191872603625
0.1272704085100214
0.1272389633712312
0.1272075831025122
0.12717626749761676
0.1271450163511978
0.1271138294588037
0.12708270661687346
0.12705164762273163
0.12702065227458337
0.12698972037150966
0.12695885171346225
0.1269280461012589
0.12689730333657873
0.12686662322195721
0.1268360055607815
0.12680545015728595
0.12677495681654702
0.12674452534447908
0.12671415554782944
0.12668384723417406
0.1266536002119127
0.12662341429026466
0.12659328927926425
0.12656322498975617
0.12653322123339134
0.12650327782262222
0.12647339457069867
0.12644357129166345
0.12641380780034805
0.1263841039123683
0.12635445944412022
0.1263248742127756
0.12629534803627815
0.12626588073333897
0.12623647212343253
0.12620712202679268
0.12617783026440854
0.1261485966580202
0.12611942103011486
0.12609030320392303
0.12606124300341418
0.1260322402532929
0.1260032947789952
0.12597440640668434
0.12594557496324701
0.12591680027628954
0.12588808217413408
0.12585942048581478
0.12583081504107385
0.12580226567035815
0.12577377220481523
0.12574533447628958
0.12571695231731914
0.12568862556113147
0.12566035404164017
0.12563213759344144
0.12560397605181015
0.12557586925269665
0.12554781703272297
0.12551981922917943
0.12549187568002107
0.12546398622386415
0.12543615069998296
0.12540836894830606
0.12538064080941297
0.12535296612453095
0.12532534473553147
0.12529777648492685
0.12527026121586712
0.1252427987721365
0.12521538899815038
0.12518803173895168
0.1251607268402081
0.12513347414820838
0.12510627350985967
0.12507912477268385
0.12505202778481467
0.12502498239499446
0.12499798845257114
0.12497104580749509
0.12494415431031594
0.12491731381217966
0.12489052416482561
0.12486378522058318
0.12483709683236915
0.12481045885368446
0.12478387113861142
0.12475733354181065
0.12473084591851816
0.12470440812454253
0.12467802001626188
0.12465168145062114
0.1246253922851291
0.12459915237785563
0.12457296158742874
0.12454681977303202
0.12452072679440156
0.1244946825118233
0.12446868678613049
0.12444273947870062
0.12441684045145278
0.12439098956684519
0.12436518668787223
0.12433943167806193
0.12431372440147329
0.12428806472269359
0.12426245250683579
0.12423688761953605
0.12421136992695088
0.12418589929575483
0.12416047559313782
0.12413509868680252
0.12410976844496202
0.12408448473633703
0.12405924743015377
0.1240340563961411
0.12400891150452827
0.12398381262604243
0.12395875963190627
0.12393375239383533
0.12390879078403597
0.12388387467520257
0.12385900394051556
0.12383417845363875
0.12380939808871712
0.12378466272037439
0.12375997222371082
0.12373532647430076
0.1237107253481905
0.1236861687218958
0.12366165647239993
0.123637188477151
0.12361276461406008
0.1235883847614987
0.12356404879829695
0.12353975660374086
0.12351550805757062
0.12349130303997807
0.12346714143160484
0.12344302311353991
0.12341894796731763
0.12339491587491566
0.12337092671875255
0.12334698038168612
0.12332307674701087
0.1232992156984563
0.12327539712018445
0.12325162089678837
0.12322788691328955
0.12320419505513618
0.12318054520820113
0.12315693725877978
0.12313337109358818
0.12310984659976106
0.12308636366484972
0.12306292217682017
0.12303952202405133
0.12301616309533268
0.12299284527986289
0.12296956846724724
0.12294633254749632
0.12292313741102386
0.12289998294864478
0.12287686905157354
0.12285379561142203
0.12283076252019798
0.12280776967030274
0.12278481695452999
0.12276190426606334
0.12273903149847494
0.1227161985457236
0.12269340530215275
0.12267065166248899
0.12264793752184011
0.12262526277569347
0.12260262731991399
0.1225800310507429
0.12255747386479551
0.12253495565905961
0.12251247633089409
0.12249003577802674
0.12246763389855297
0.12244527059093382
0.12242294575399461
0.12240065928692294
0.12237841108926727
0.12235620106093512
0.12233402910219165
0.12231189511365775
0.12228979899630864
0.12226774065147217
0.12224571998082727
0.12222373688640223
0.12220179127057336
0.12217988303606313
0.12215801208593886
0.12213617832361096
0.12211438165283156
0.1220926219776928
0.12207089920262543
0.1220492132323972
0.12202756397211148
0.12200595132720557
0.12198437520344925
0.12196283550694352
0.12194133214411873
0.12191986502173346
0.12189843404687277
0.12187703912694701
0.1218556801696902
0.12183435708315858
0.1218130697757292
0.12179181815609862
0.12177060213328134
0.12174942161660847
0.12172827651572618
0.12170716674059466