0.4339511003486055
0.3456942363609131
0.299515945016076
0.2706063420846566
0.2503839058297417
0.23521203707786034
0.22328015824699185
0.21357596672138235
0.20548330185425198
0.19860231236036102
0.19266030688073674
0.1874638327127266
0.182871188913094
0.17877580233880225
0.17509572190637349
0.17176672947786367
0.16873767806336767
0.16596725075810387
0.16342165388367
0.16107294092691662
0.15889777246407244
0.1568764837169523
0.1549923732137189
0.15323115301415458
0.15158051876685924
0.15002980985547418
0.14856973811263924
0.14719216931275844
0.14588994571269764
0.14465674082265018
0.14348693970764156
0.14237553967875616
0.14131806739267444
0.1403105092495402
0.13934925264036466
0.13843103610130447
0.1375529068228183
0.1367121842656122
0.1359064288734264
0.1351334150606239
0.13439110780177313
0.133677642269667
0.13299130606406817
0.13233052365093342
0.13169384269480522
0.13107992201844512
0.13048752096593996
0.12991548998025457
0.1293627622349582
0.12882834618375139
0.12831131891135822
0.12781082018605158
0.12732604712811493
0.12685624942038762
0.12640072499706076
0.12595881615540028
0.12552990604232023
0.1251134154739199
0.12470880005140028
0.12431554754133133
0.12393317549216487
0.12356122906227503
0.12319927903774187
0.12284692002063784
0.12250376877079121
0.12216946268592871
0.1218436584067862
0.12152603053525146
0.1212162704548976
0.12091408524440314
0.12061919667535746
0.12033134028683348
0.12005026452989125
0.11977572997586848
0.11950750858292628
0.11924538301586524
0.11898914601471094
0.11873859980800058
0.11849355556708906
0.11825383289813637
0.11801925936874931
0.1177896700665242
0.11756490718698999
0.11734481964867002
0.11712926273318616
0.11691809774850724
0.11671119171360862
0.11650841706295746
0.11630965136937192
0.11611477708392297
0.11592368129165849
0.11573625548202793
0.1155523953329765
0.1153720005077608
0.11519497446361206
0.11502122427144211
0.11485066044584913
0.11468319678473685
0.11451875021791443
0.11435724066408992
0.11419859089571513
0.11404272641117888
0.11388957531388376
0.11373906819777292
0.1135911380389062
0.11344572009271313
0.11330275179657534
0.11316217267741678
0.11302392426400083
0.11288795000365473
0.11275419518316172
0.11262260685357514
0.11249313375873056
0.11236572626724135
0.1122403363077812
0.112116917307467
0.11199542413317012
0.11187581303559235
0.1117580415959554
0.11164206867516112
0.11152785436528884
0.11141535994330433
0.11130454782686298
0.11119538153209614
0.11108782563327745
0.11098184572427057
0.11087740838166732
0.11077448112952892
0.11067303240564988
0.11057303152926651
0.11047444867013938
0.11037725481894001
0.11028142175887845
0.11018692203851087
0.11009372894566982
0.11000181648246284
0.10991115934128845
0.10982173288182168
0.10973351310892225
0.10964647665142332
0.10956060074175926
0.10947586319639366
0.10939224239701131
0.1093097172724386
0.10922826728126027
0.10914787239510049
0.10906851308253883
0.10899017029363317
0.1089128254450226
0.10883646040558485
0.10876105748262435
0.1086865994085679
0.1086130693281462
0.10854045078604022
0.10846872771497351
0.10839788442423048
0.10832790558858392
0.1082587762376142
0.10819048174540397
0.10812300782059302
0.10805634049677883
0.10799046612324838
0.10792537135602777
0.1078610431492378
0.10779746874674218
0.10773463567407746
0.1076725317306535
0.10761114498221361
0.10755046375354464
0.10749047662142708
0.10743117240781608
0.10737254017324425
0.10731456921043842
0.1072572490381415
0.10720056939513259
0.1071445202344368
0.10708909171771924
0.10703427420985452
0.10698005827366727
0.10692643466483558
0.10687339432695302
0.10682092838674236
0.10676902814941583
0.10671768509417749
0.10666689086986102
0.10661663729069981
0.10656691633222369
0.1065177201272778
0.10646904096216041
0.10642087127287402
0.10637320364148714
0.10632603079260224
0.10627934558992644
0.10623314103294153
0.1061874102536698
0.10614214651353256
0.10609734320029823
0.10605299382511703
0.10600909201963937
0.10596563153321507
0.10592260623017119
0.10588001008716512
0.10583783719061146
0.10579608173417937
0.10575473801635883
0.10571380043809324
0.10567326350047616
0.10563312180251055
0.10559337003892838
0.10555400299806814
0.10551501555980937
0.1054764026935622
0.10543815945630938
0.10540028099070002
0.10536276252319367
0.10532559936225205
0.10528878689657836
0.10525232059340132
0.10521619599680414
0.10518040872609555
0.10514495447422274
0.10510982900622454
0.10507502815772339
0.10504054783345557
0.10500638400583799
0.10497253271357083
0.10493899006027486
0.10490575221316241
0.10487281540174091
0.10484017591654857
0.10480783010792051
0.10477577438478508
0.10474400521348927
0.10471251911665251
0.10468131267204774
0.10465038251150946
0.10461972531986763
0.10458933783390692
0.10455921684135044
0.10452935917986753
0.10449976173610441
0.10447042144473793
0.10444133528755097
0.10441250029252913
0.10438391353297882
0.10435557212666471
0.10432747323496763
0.1042996140620614
0.1042719918541081
0.10424460389847194
0.10421744752295051
0.10419052009502332
0.10416381902111717
0.10413734174588793
0.10411108575151799
0.1040850485570296
0.10405922771761283
0.10403362082396875
0.10400822550166652
0.10398303941051465
0.10395806024394605
0.10393328572841602
0.10390871362281334
0.10388434171788395
0.10386016783566714
0.1038361898289432
0.10381240558069353
0.10378881300357137
0.10376541003938412
0.10374219465858657
0.10371916485978437
0.10369631866924803
0.10367365414043705
0.10365116935353386
0.1036288624149871
0.10360673145706463
0.10358477463741556
0.10356299013864098
0.10354137616787375
0.10351993095636655
0.10349865275908833
0.10347753985432882
0.10345659054331095
0.10343580314981123
0.10341517601978711
0.10339470752101249
0.10337439604271977
0.1033542399952493
0.1033342378097056
0.10331438793762028
0.10329468885062168
0.1032751390401106
0.10325573701694271
0.10323648131111676
0.10321737047146892
0.103198403065373
0.1031795776784464
0.10316089291426156
0.10314234739406286
0.10312393975648917
0.10310566865730124
0.10308753276911452
0.10306953078113668
0.10305166139891046
0.1030339233440608
0.10301631535404702
0.10299883618191963
0.10298148459608118
0.10296425938005202
0.10294715933223993
0.10293018326571443
0.10291333000798472
0.10289659840078183
0.10287998729984485
0.10286349557471085
0.10284712210850862
0.10283086579775617
0.10281472555216165
0.10279870029442817
0.10278278896006167
0.1027669904971826
0.1027513038663405
0.10273572804033229
0.10272026200402334
0.10270490475417206
0.1026896552992571
0.10267451265930802
0.10265947586573859
0.10264454396118307
0.1026297159993352
0.10261499104479037
0.10260036817288982
0.10258584646956809
0.10257142503120276
0.10255710296446692
0.10254287938618391
0.10252875342318483
0.10251472421216816
0.1025007908995618
0.10248695264138763
0.10247320860312804
0.10245955795959494
0.1024459998948007
0.10243253360183137
0.10241915828272205
0.1024058731483341
0.10239267741823475
0.10237957032057808
0.1023665510919886
0.10235361897744627
0.10234077323017347
0.10232801311152413
0.1023153378908741
0.10230274684551373
0.10229023926054197
0.10227781442876221
0.10226547165057982
0.1022532102339013
0.10224102949403494
0.10222892875359317
0.10221690734239652
0.10220496459737881
0.10219309986249421
0.10218131248862534
0.10216960183349327
0.10215796726156842
0.10214640814398339
0.10213492385844654
0.10212351378915747
0.10211217732672355
0.10210091386807744
0.10208972281639661
0.10207860358102339
0.10206755557738646
0.10205657822692388
0.10204567095700666
0.10203483320086401
0.10202406439750952
0.10201336399166842
0.102002731433706
0.10199216617955706
0.10198166769065642
0.10197123543387059
0.10196086888143023
0.10195056751086384
0.10194033080493214
0.10193015825156392
0.10192004934379212
0.10191000357969157
0.10190002046231725
0.10189009949964344
0.10188024020450381
0.10187044209453268
0.10186070469210651
0.10185102752428679
0.10184141012276364
0.10183185202379999
0.10182235276817665
0.10181291190113849
0.10180352897234098
0.10179420353579759
0.10178493514982802
0.1017757233770073
0.10176656778411525
0.10175746794208695
0.10174842342596381
0.10173943381484535
0.10173049869184148
0.10172161764402593
0.10171279026238969
0.10170401614179551
0.10169529488093314
0.10168662608227468
0.10167800935203095
0.10166944430010862
0.10166093054006733
0.10165246768907796
0.10164405536788113
0.1016356932007466
0.1016273808154328
0.10161911784314728
0.10161090391850752
0.10160273867950222
0.10159462176745337
0.10158655282697848
0.10157853150595361
0.10157055745547672
0.10156263032983168
0.10155474978645249
0.1015469154858883
0.10153912709176861
0.10153138427076928
0.10152368669257839
0.10151603402986338
0.1015084259582378
0.10150086215622915
0.1014933423052467
0.10148586608954996
0.10147843319621751
0.1014710433151162
0.10146369613887077
0.10145639136283391
0.10144912868505672
0.10144190780625933
0.10143472842980233
0.10142759026165804
0.1014204930103826
0.10141343638708814
0.10140642010541556
0.1013994438815073
0.10139250743398083
0.10138561048390211
0.10137875275475985
0.1013719339724396
0.10136515386519845
0.10135841216364014
0.10135170860069012
0.10134504291157126
0.1013384148337798
0.10133182410706139
0.10132527047338778
0.10131875367693338
0.10131227346405253
0.10130582958325678
0.10129942178519256
0.10129304982261898
0.10128671345038627
0.10128041242541395
0.10127414650666967
0.10126791545514828
0.10126171903385095
0.10125555700776473
0.10124942914384223
0.10124333521098162
0.10123727498000694
0.10123124822364848
0.10122525471652354
0.10121929423511723
0.10121336655776386
0.10120747146462823
0.10120160873768719
0.10119577816071149
0.10118997951924795
0.10118421260060151
0.10117847719381803
0.10117277308966659
0.10116710008062268
0.10116145796085114
0.10115584652618952
0.10115026557413145
0.10114471490381056
0.10113919431598412
0.10113370361301714
0.10112824259886677
0.1011228110790665
0.10111740886071101
0.10111203575244078
0.10110669156442709
0.10110137610835727
0.10109608919741996