0.9143587322360184
0.9073332315172177
0.8983437917816762
0.8880363037224283
0.8768674197850548
0.8651592651497072
0.8531387206950615
0.8409654145556952
0.8287515658895426
0.8165760029604948
0.8044940414248645
0.7925444332921571
0.7807542492712308
0.7691423062577872
0.7577215722373226
0.7465008532932567
0.7354859770989991
0.7246806235350062
0.714086908182605
0.7037057928786037
0.6935373753384706
0.6835810942887088
0.6738358756269629
0.6643002374681364
0.6549723665635931
0.6458501748151042
0.636931341965991
0.6282133487024779
0.6196935031027138
0.6113689624638547
0.6032367519030881
0.5952937806852445
0.5875368569207082
0.5799627010627093
0.572567958484725
0.5653492113169218
0.5583029896514804
0.5514257821805101
0.5447140463002083
0.5381642176960808
0.5317727194129898
0.5255359704080795
0.5194503935825323
0.5135124232883818
0.5077185123083857
0.502065138309616
0.4965488097745125
0.4911660714163869
0.4859135090894925
0.48078775420672804
0.47578548768065204
0.47090344340576085
0.4661384113018675
0.46148723993991897
0.4569468387727214
0.4525141799938191
0.44818630004822074
0.4439603008188313
0.43983335051234046
0.43580268426799157
0.4318656045121399
0.42801948108081983
0.424261751131739
0.4205899188661978
0.41700155508044884
0.4134942965649631
0.4100658453689943
0.40671396794674086
0.4034364942003039
0.4002313164335624
0.3970963882300159
0.3940297232666192
0.3910293940746315
0.388093530757551
0.3852203196752967
0.38240800210293674
0.37965487287145283
0.37695927899727066
0.3743196183065725
0.37173433805975137
0.3692019335807512
0.3667209468954735
0.36428996538291075
0.36190762044219005
0.35957258617827426
0.3572835781086723
0.35503935189314695
0.3528387020880851
0.3506804609268981
0.34856349712755613
0.3464867147281216
0.34444905195093556
0.3424494800959191
0.3404870024632874
0.33856065330582114
0.3366694968107139
0.3348126261108947
0.33298916232563075
0.3311982536301231
0.3294390743537391