1.1136764251383078
1.042215783332947
0.9677393744839987
0.8963408193677443
0.8303715658798744
0.7705831461813444
0.7170123968825444
0.6693577479368193
0.6271533272463581
0.5898613023663585
0.5569273998515568
0.5278158676275756
0.5020304257646998
0.47912496252797376
0.45870696500046937
0.44043622040144803
0.42402079747870225
0.40921175382373615
0.3957975117002425
0.3835984547649459
0.3724620265848355
0.3622584394413117
0.3528770017708521
0.3442230204599219
0.3362152116313977
0.3287835478784695
0.3218674730670494
0.3154144230196276
0.30937859889768393
0.3037199484953996
0.2984033182807278
0.2933977456280524
0.2886758662568675
0.2842134165047015
0.2799888138422376
0.2759828021141048
0.27217815048165933
0.26855939706087384
0.2651126298794332
0.26182529909692925
0.25868605550147766
0.2556846111643077
0.25281161884037584
0.25005856727943376
0.24741769008352002
0.24488188613372233
0.2424446499274328
0.24010001043011198
0.23784247726314894
0.2356669932300982
0.2335688923340738
0.2315438625648294
0.22958791283941035
0.22769734356880847
0.22586872039766157
0.2240988507271027
0.2223847626842924
0.22072368624756925
0.21911303627482684
0.21755039721575184
0.21603350931683482
0.214560256152329
0.21312865333520856
0.21173683828017212
0.21038306090629055
0.20906567518036373
0.20778313141373936
0.20653396923550926
0.20531681117385636
0.20413035678505534
0.20297337727639622
0.20184471057522724
0.20074325680151592
0.19966797410590842
0.198617874839297
0.1975920220234671
0.1965895260955416
0.19560954190172508
0.19465126591832363
0.19371393368020778
0.1927968173988412
0.19189922375373303
0.19102049184272704
0.190159991277923
0.18931712041526733
0.18849130470696024
0.18768199516682155
0.18688866693965306
0.18611081796643789
0.18534796773794332
0.184599656129944
0.1838654423138725
0.18314490373723635
0.18243763516862063
0.18174324780253223
0.18106136841973544
0.18039163859908786
0.17973371397721044
0.1790872635526212
0.1784519690312318
0.17782752421035178
0.17721363439856708
0.17661001586906658
0.176016395344174
0.17543250950901473
0.1748581045524029
0.17429293573317592
0.17373676697033666
0.17318937045548155
0.17265052628610486
0.17212002211846975
0.17159765283883102
0.17108322025187928
0.1705765327853559
0.17007740520986156
0.1695856583729468
0.16910111894663732
0.1686236191876019
0.1681529967092255
0.16768909426489814
0.16723175954187658
0.16678084496511603
0.1663362075105108
0.16589770852701582
0.16546521356715763
0.16503859222547235
0.1646177179844379
0.16420246806749453
0.16379272329877378
0.16338836796917694
0.16298928970846832
0.16259537936306773
0.1622065308792452
0.16182264119143877
0.1614436101154336
0.16106934024615424
0.16069973685983768
0.16033470782036768
0.15997416348956328
0.15961801664122632
0.15926618237876436
0.15891857805621407
0.15857512320250183
0.1582357394487859
0.15790035045873352
0.15756888186159468
0.15724126118794024
0.15691741780794205
0.15659728287207525
0.15628078925413358
0.15596787149645053
0.15565846575722742
0.1553525097598727
0.15504994274426348
0.15475070541984318
0.1544547399204745
0.1541619897609711
0.15387239979523426
0.15358591617592598
0.1533024863156116
0.15302205884930972
0.15274458359838985
0.15247001153576026
0.15219829475229327
0.15192938642443468
0.15166324078295026
0.1513998130827612
0.15113905957382473
0.15088093747301717
0.15062540493697918
0.15037242103588436
0.15012194572809473
0.1498739398356677
0.14962836502068105
0.14938518376234375
0.1491443593348628
0.14890585578603527
0.14866963791653953
0.1484356712598977
0.14820392206308367
0.1479743572677535
0.14774694449207332
0.14752165201312387
0.14729844874985867
0.14707730424659682
0.1468581886570298
0.14664107272872406
0.14642592778810104
0.14621272572587743
0.14600143898294932
0.1457920405367042
0.14558450388774538
0.1453788030470149
0.14517491252330034
0.14497280731111195
0.14477246287891807
0.14457385515772544
0.1443769605299933
0.14418175581886913
0.14398821827773584
0.14379632558005934
0.1436060558095262
0.14341738745046248
0.14323029937852333
0.14304477085164494
0.14286078150125028
0.14267831132369993
0.14249734067197992
0.14231785024761962
0.14213982109283085
0.14196323458286272
0.14178807241856392
0.14161431661914653
0.14144194951514488
0.14127095374156295
0.14110131223120487
0.1409330082081825
0.1407660251815943
0.1406003469393711
0.1404359575422824
0.14027284131809903
0.14011098285590753
0.13995036700057095
0.13979097884733208
0.13963280373655493
0.13947582724859986
0.13932003519882888
0.13916541363273677
0.13901194882120446
0.13885962725587148
0.1387084356446233
0.1385583609071904
0.1384093901708564
0.13826151076627127
0.13811471022336685
0.1379689762673724
0.1378242968149259
0.1376806599702801
0.13753805402159922
0.13739646743734446
0.13725588886274556
0.13711630711635628
0.136977711186691
0.1368400902289409
0.1367034335617664
0.13656773066416525
0.13643297117241263
0.1362991448770727
0.1361662417200786
0.13603425179187967
0.13590316532865354
0.13577297270958247
0.1356436644541902
0.1355152312197403
0.13538766379869185
0.135260953116213
0.13513509022774922
0.13501006631664633
0.13488587269182548
0.1347625007855098
0.13463994215100084
0.1345181884605036
0.13439723150299898
0.1342770631821624
0.13415767551432733
0.1340390606264929
0.13392121075437396
0.13380411824049285
0.13368777553231218
0.13357217518040665
0.13345730983667375
0.13334317225258224
0.13322975527745717
0.1331170518568007
0.133005055030648
0.13289375793195718
0.13278315378503255
0.1326732359039802
0.13256399769119506
0.13245543263587972
0.13234753431259202
0.13224029637982362
0.13213371257860593
0.1320277767311452
0.13192248273948426
0.1318178245841912
0.13171379632307453
0.1316103920899234
0.13150760609327283
0.13140543261519347
0.13130386601010485
0.13120290070361237
0.13110253119136603
0.13100275203794237
0.1309035578757476
0.13080494340394158
0.13070690338738328
0.13060943265559555
0.13051252610175051
0.13041617868167374
0.1303203854128673
0.1302251413735517
0.13013044170172547
0.1300362815942427
0.12994265630590737
0.1298495611485856
0.12975699149033285
0.12966494275453896
0.1295734104190877
0.12948239001553247
0.1293918771282869
0.12930186739383037
0.12921235649992785
0.12912334018486407
0.12903481423669153
0.1289467744924919
0.1288592168376511
0.128772137205147
0.12868553157485008
0.12859939597283634
0.12851372647071288
0.1284285191849548
0.12834377027625424
0.12825947594888082
0.1281756324500531
0.12809223606932124
0.12800928313796045
0.12792677002837471
0.12784469315351107
0.1277630489662841
0.12768183395900987
0.12760104466285035
0.12752067764726646
0.12744072951948127
0.12736119692395156
0.1272820765418491
0.12720336509055014
0.1271250593231336
0.12704715602788821
0.12696965202782692
0.1268925441802105
0.12681582937607824
0.1267395045397869
0.12666356662855732
0.126588012632028
0.12651283957181678
0.1264380445010891
0.12636362450413352
0.1262895766959445
0.12621589822181142
0.12614258625691444
0.1260696380059272
0.1259970507026256
0.12592482160950297
0.1258529480173915
0.1257814272450895
0.12571025663899488
0.12563943357274415
0.1255689554468577
0.1254988196883897
0.1254290237505847
0.12535956511253876
0.12529044127886635
0.12522164977937206
0.12515318816872784
0.12508505402615508
0.1250172449551117
0.12494975858298374
0.12488259256078219
0.12481574456284417
0.12474921228653889
0.12468299345197788
0.1246170858017297
0.12455148710053929
0.1244861951350511
0.12442120771353686
0.1243565226656269
0.12429213784204633
0.12422805111435417
0.12416426037468745
0.12410076353550821
0.12403755852935482
0.12397464330859675
0.12391201584519321
0.12384967413045497
0.1237876161748101
0.12372584000757275
0.12366434367671589
0.12360312524864667
0.12354218280798544
0.12348151445734822
0.12342111831713169
0.12336099252530193
0.12330113523718574
0.12324154462526528
0.12318221887897532
0.12312315620450402
0.12306435482459555
0.12300581297835664
0.1229475289210651
0.12288950092398115
0.12283172727416201
0.12277420627427817
0.12271693624243303
0.12265991551198478
0.12260314243137056
0.12254661536393353
0.12249033268775193
0.12243429279547086
0.1223784940941359
0.12232293500502978
0.12226761396351052
0.12221252941885236
0.12215767983408851
0.12210306368585636
0.12204867946424446
0.12199452567264199
0.12194060082758991
0.12188690345863422
0.12183343210818143
0.12178018533135579
0.12172716169585832
0.12167435978182796
0.12162177818170457
0.12156941550009354
0.12151727035363247
0.12146534137085944
0.12141362719208308
0.12136212646925451
0.12131083786584057
0.12125976005669929
0.1212088917279565
0.12115823157688421
0.12110777831178082
0.1210575306518525
0.12100748732709646
0.12095764707818535
0.12090800865635379
0.12085857082328551
0.1208093323510028
0.12076029202175681
0.12071144862791931
0.12066280097187626
0.12061434786592226
0.12056608813215662
0.12051802060238047
0.12047014411799571
0.12042245752990463
0.12037495969841121
0.12032764949312343
0.12028052579285697
0.12023358748554012
0.12018683346811972
0.12014026264646831
0.12009387393529272
0.12004766625804339
0.12000163854682513
0.11995578974230875
0.11991011879364394
0.11986462465837333
0.11981930630234715
0.11977416269963949
0.11972919283246526
0.11968439569109834
0.11963977027379043
0.11959531558669126
0.11955103064376962
0.11950691446673527
0.11946296608496179
0.1194191845354106
0.11937556886255556
0.11933211811830875
0.119288831361947
0.11924570766003925
0.11920274608637502
0.11915994572189344
0.11911730565461327
0.11907482497956379
0.11903250279871641
0.11899033822091715
0.11894833036181987
0.11890647834382037
0.11886478129599115
0.11882323835401705
0.11878184866013153
0.1187406113630537
0.1186995256179264
0.11865859058625433
0.1186178054358436
0.1185771693407416
0.11853668148117763
0.11849634104350418
0.11845614722013909
0.11841609920950794
0.11837619621598772
0.11833643744985059
0.11829682212720855
0.11825734946995864
0.11821801870572889
0.11817882906782463
0.11813977979517597
0.1181008701322849
0.11806209932917415
0.11802346664133564
0.11798497132968006
0.11794661266048692
0.11790838990535502
0.1178703023411535
0.1178323492499737
0.11779452991908128
0.11775684364086872
0.11771928971280887
0.11768186743740856
0.11764457612216282
0.11760741507950982
0.11757038362678608
0.11753348108618208
0.11749670678469877
0.11746006005410409
0.11742354023089029
0.11738714665623146
0.11735087867594182
0.1173147356404342
0.1172787169046791
0.11724282182816403
0.11720704977485367
0.11717140011314997
0.117135872215853
0.11710046546012223
0.11706517922743791
0.11703001290356327
0.11699496587850693
0.11696003754648544
0.11692522730588693
0.11689053455923439
0.11685595871314965
0.11682149917831793
0.11678715536945239
0.1167529267052595
0.11671881260840411
0.1166848125054757
0.1166509258269543
0.11661715200717719
0.11658349048430562
0.11654994070029231
0.11651650210084884
0.11648317413541355
0.11644995625711996
0.11641684792276513
0.11638384859277871
0.1163509577311922
0.11631817480560827
0.11628549928717083
0.1162529306505351
0.11622046837383802
0.1161881119386691
0.11615586083004142
0.11612371453636303
0.11609167254940861
0.11605973436429128
0.11602789947943495
0.11599616739654679
0.11596453762058995
0.11593300965975663
0.11590158302544136
0.11587025723221468
0.11583903179779699
0.11580790624303251
0.11577688009186375
0.1157459528713061
0.1157151241114228
0.11568439334529991
0.1156537601090218
0.11562322394164673
0.11559278438518258
0.11556244098456314
0.11553219328762439
0.1155020408450809
0.1154719832105027
0.11544201994029249
0.1154121505936625
0.1153823747326123
0.11535269192190628
0.11532310172905157
0.11529360372427622
0.11526419748050741
0.11523488257335014
0.11520565858106573
0.11517652508455106
0.11514748166731745
0.11511852791547017
0.11508966341768787
0.11506088776520237
0.11503220055177857
0.11500360137369472
0.1149750898297224
0.1149466655211074
0.11491832805155004
0.11489007702718639
0.11486191205656897
0.11483383275064825
0.11480583872275392
0.1147779295885765
0.114750104966149
0.11472236447582906
0.11469470774028073
0.114667134384457
0.11463964403558204
0.11461223632313397
0.11458491087882733
0.11455766733659631
0.11453050533257757
0.11450342450509349
0.11447642449463578
0.1144495049438486
0.11442266549751265
0.11439590580252874
0.11436922550790193
0.11434262426472551
0.11431610172616526
0.11428965754744413
0.1142632913858265
0.11423700290060292
0.11421079175307519
0.11418465760654097
0.11415860012627913
0.1141326189795351
0.11410671383550579
0.11408088436532567
0.1140551302420519
0.11402945114065048
0.11400384673798203
0.11397831671278758
0.11395286074567511
0.11392747851910552
0.11390216971737913
0.11387693402662226
0.1138517711347737
0.11382668073157168
0.11380166250854047
0.11377671615897761
0.11375184137794085
0.11372703786223547
0.1137023053104016
0.11367764342270145
0.11365305190110725
0.11362853044928853
0.11360407877260005
0.11357969657806977
0.11355538357438662
0.11353113947188864
0.11350696398255132
0.11348285681997569
0.11345881769937687
0.11343484633757238
0.11341094245297098
0.11338710576556102
0.11336333599689956
0.1133396328701011
0.11331599610982646
0.1132924254422721
0.11326892059515897
0.11324548129772216
0.11322210728069987
0.11319879827632297
0.11317555401830476
0.11315237424183021
0.11312925868354598
0.11310620708155
0.11308321917538153
0.11306029470601095
0.11303743341582997
0.11301463504864162
0.11299189934965062
0.11296922606545352
0.11294661494402922
0.11292406573472934
0.11290157818826878
0.11287915205671639
0.1128567870934856
0.11283448305332523
0.11281223969231034
0.11279005676783314
0.11276793403859403
0.11274587126459265
0.11272386820711906
0.11270192462874487
0.11268004029331466
0.11265821496593728
0.11263644841297739
0.11261474040204666
0.11259309070199588
0.112571499082906
0.11254996531608037
0.11252848917403621
0.11250707043049651
0.11248570886038202
0.11246440423980325
0.11244315634605241
0.11242196495759559
0.11240082985406488
0.11237975081625072
0.11235872762609408
0.11233776006667893
0.11231684792222453
0.11229599097807802
0.112275189020707
0.112254441837692
0.1122337492177192
0.11221311095057326
0.11219252682712996
0.11217199663934904
0.11215152018026725
0.11213109724399112
0.11211072762569
0.1120904111215893
0.11207014752896338
0.11204993664612876
0.11202977827243757
0.11200967220827052
0.11198961825503032
0.1119696162151353
0.11194966589201254
0.11192976709009145
0.11190991961479747
0.11189012327254531
0.11187037787073302
0.1118506832177353
0.1118310391228975
0.11181144539652928
0.11179190184989839
0.11177240829522471
0.11175296454567413
0.11173357041535234
0.11171422571929922
0.11169493027348248
0.11167568389479213
0.11165648640103443
0.11163733761092623
0.11161823734408903
0.11159918542104351
0.11158018166320366
0.11156122589287135
0.11154231793323052
0.11152345760834188
0.11150464474313723
0.11148587916341408
0.11146716069583035
0.11144848916789879
0.11142986440798186
0.11141128624528618
0.11139275450985757
0.11137426903257568
0.11135582964514884
0.11133743618010893
0.1113190884708063
0.11130078635140472
0.1112825296568763
0.11126431822299664
0.11124615188633973
0.1112280304842732
0.1112099538549533
0.11119192183732021
0.11117393427109316
0.11115599099676564
0.11113809185560071
0.11112023668962631
0.11110242534163074
0.1110846576551577
0.11106693347450204
0.11104925264470505
0.11103161501154991
0.11101402042155732
0.11099646872198086
0.11097895976080287
0.11096149338672964
0.11094406944918746
0.11092668779831805
0.11090934828497437
0.11089205076071618
0.11087479507780615
0.11085758108920525
0.11084040864856898
0.11082327761024284
0.11080618782925847
0.11078913916132957
0.1107721314628477
0.11075516459087832
0.11073823840315689
0.11072135275808476
0.11070450751472535
0.11068770253280011
0.11067093767268475
0.11065421279540542
0.1106375277626347
0.11062088243668797
0.11060427668051959
0.11058771035771912
0.11057118333250768
0.11055469546973413
0.1105382466348715
0.1105218366940134
0.11050546551387025
0.1104891329617658
0.11047283890563353
0.11045658321401318
0.11044036575604708
0.11042418640147686
0.11040804502063983
0.11039194148446553
0.11037587566447249
0.11035984743276468
0.11034385666202814
0.11032790322552771
0.11031198699710372
0.11029610785116857
0.11028026566270353
0.11026446030725559
0.11024869166093397
0.11023295960040723
0.11021726400289975
0.11020160474618887
0.11018598170860147
0.11017039476901117
0.11015484380683492
0.11013932870203005
0.11012384933509131
0.1101084055870476
0.1100929973394592
0.11007762447441456
0.11006228687452757
0.11004698442293437
0.11003171700329054
0.11001648449976809
0.11000128679705276
0.10998612378034087
0.10997099533533672
0.10995590134824963
0.1099408417057911
0.10992581629517202
0.10991082500410003
0.10989586772077656
0.10988094433389417
0.10986605473263394
0.10985119880666247
0.10983637644612963
0.10982158754166536
0.1098068319843776
0.10979210966584908
0.10977742047813517
0.10976276431376097
0.109748141065719
0.10973355062746636
0.10971899289292228
0.10970446775646575
0.10968997511293277
0.10967551485761408
0.1096610868862524
0.1096466910950402
0.10963232738061725
0.10961799564006797
0.10960369577091927
0.10958942767113802
0.10957519123912864
0.1095609863737308
0.1095468129742171
0.10953267094029055
0.10951856017208253
0.10950448057015025
0.10949043203547448
0.10947641446945738
0.1094624277739203
0.10944847185110121
0.10943454660365277
0.10942065193464011
0.10940678774753836
0.10939295394623073
0.10937915043500629
0.1093653771185576
0.10935163390197887
0.10933792069076358
0.10932423739080248
0.10931058390838148
0.10929696015017953
0.10928336602326648
0.1092698014351012
0.1092562662935292
0.10924276050678103
0.10922928398346983
0.10921583663258967
0.10920241836351322
0.10918902908599
0.10917566871014435
0.10916233714647335
0.10914903430584508
0.10913576009949646
0.10912251443903155
0.10910929723641936
0.10909610840399218
0.10908294785444365