0.32666666666666666
0.4066666666666667
0.44666666666666666
0.49333333333333335
0.5133333333333333
0.5133333333333333
0.5133333333333333
0.5133333333333333
0.5866666666666667
0.64
0.6866666666666666
0.7266666666666667
0.76
0.8066666666666666
0.8133333333333334
0.84
0.8533333333333334
0.88
0.8933333333333333
0.92
0.9333333333333333
0.9533333333333334
0.9533333333333334
0.9533333333333334
0.9466666666666667
0.9466666666666667
0.9533333333333334
0.9533333333333334
0.9533333333333334
0.9533333333333334
0.96
0.9466666666666667
0.9533333333333334
0.9533333333333334
0.9533333333333334
0.9533333333333334
0.9533333333333334
0.96
0.96
0.96
0.96
0.96
0.96
0.96
0.96
0.96
0.9666666666666667
0.9666666666666667
0.9666666666666667
0.9666666666666667
0.9666666666666667
0.9666666666666667
0.9666666666666667
0.9666666666666667
0.9666666666666667
0.9666666666666667
0.9666666666666667
0.9666666666666667
0.9666666666666667
0.9666666666666667
0.9666666666666667
0.9666666666666667
0.9666666666666667
0.9666666666666667
0.9666666666666667
0.9666666666666667
0.9666666666666667
0.9666666666666667
0.9666666666666667
0.9666666666666667
0.9666666666666667
0.9666666666666667
0.9666666666666667
0.9666666666666667
0.9666666666666667
0.9666666666666667
0.9666666666666667
0.9666666666666667
0.9666666666666667
0.9666666666666667
0.9666666666666667
0.9666666666666667
0.9666666666666667
0.9666666666666667
0.9666666666666667
0.9666666666666667
0.9666666666666667
0.9666666666666667
0.9666666666666667
0.9666666666666667
0.9666666666666667
0.9666666666666667
0.9666666666666667
0.9666666666666667
0.9666666666666667
0.9666666666666667
0.9666666666666667
0.9666666666666667
0.9666666666666667
0.9666666666666667
0.9666666666666667
0.9666666666666667
0.9666666666666667
0.9666666666666667
0.9666666666666667
0.9666666666666667
0.9666666666666667
0.9666666666666667
0.9666666666666667
0.9666666666666667
0.9666666666666667
0.9666666666666667
0.9666666666666667
0.9666666666666667
0.9666666666666667
0.9666666666666667
0.9666666666666667
0.9666666666666667
0.9666666666666667
0.9666666666666667
0.9666666666666667
0.9666666666666667
0.9666666666666667
0.9666666666666667
0.9666666666666667
0.9666666666666667
0.9666666666666667
0.9666666666666667
0.9666666666666667
0.9666666666666667
0.9666666666666667
0.9666666666666667
0.9666666666666667
0.9666666666666667
0.9666666666666667
0.9666666666666667
0.9666666666666667
0.9666666666666667
0.9666666666666667
0.9666666666666667
0.9666666666666667
0.9666666666666667
0.9666666666666667
0.9666666666666667
0.9666666666666667
0.9666666666666667
0.9666666666666667
0.9666666666666667
0.9666666666666667
0.9666666666666667
0.9666666666666667
0.9666666666666667
0.9666666666666667
0.9666666666666667
0.9666666666666667
0.9666666666666667
0.9666666666666667
0.9666666666666667
0.9666666666666667
0.9666666666666667
0.9666666666666667
0.9666666666666667
0.9666666666666667
0.9666666666666667
0.9666666666666667
0.9666666666666667
0.9666666666666667
0.9666666666666667
0.9666666666666667
0.9666666666666667
0.9666666666666667
0.9666666666666667
0.9666666666666667
0.9666666666666667
0.9666666666666667
0.9666666666666667
0.9666666666666667
0.9666666666666667
0.9666666666666667
0.9666666666666667
0.9666666666666667
0.9666666666666667
0.9666666666666667
0.9666666666666667
0.9666666666666667
0.9666666666666667
0.9666666666666667
0.9666666666666667
0.9666666666666667
0.9666666666666667
0.9666666666666667
0.9666666666666667
0.9666666666666667
0.9666666666666667
0.9666666666666667
0.9666666666666667
0.9666666666666667
0.9666666666666667
0.9666666666666667
0.9666666666666667
0.9666666666666667
0.9666666666666667
0.9666666666666667
0.9666666666666667
0.9666666666666667
0.9666666666666667
0.9666666666666667
0.9666666666666667
0.9666666666666667
0.9666666666666667
0.9666666666666667
0.9666666666666667
0.9666666666666667
0.9666666666666667
0.9666666666666667
0.9666666666666667
0.9666666666666667
0.9666666666666667
0.9666666666666667
0.9666666666666667
0.9666666666666667
0.9666666666666667
0.9666666666666667
0.9666666666666667
0.9666666666666667
0.9666666666666667
0.9666666666666667
0.9666666666666667
0.9666666666666667
0.9666666666666667
0.9666666666666667
0.9666666666666667
0.9666666666666667
0.9666666666666667
0.9666666666666667
0.96
0.96
0.96
0.96
0.96
0.96
0.96
0.96
0.96
0.96
0.96
0.96
0.96
0.96
0.96
0.96
0.96
0.96
0.96
0.96
0.96
0.96
0.96
0.96
0.96
0.96
0.96
0.96
0.96
0.96
0.96
0.96
0.96
0.96
0.96
0.96
0.96
0.96
0.96
0.96
0.96
0.96
0.96
0.96
0.96
0.96
0.96
0.96
0.96
0.96
0.96
0.96
0.96
0.96
0.96
0.96
0.96
0.96
0.96
0.96
0.96
0.96
0.96
0.96
0.96
0.96
0.96
0.96
0.96
0.96
0.96
0.96
0.96
0.96
0.96
0.96
0.96
0.96
0.96
0.96
0.96
0.96
0.96
0.96
0.96
0.96
0.96
0.96
0.96
0.96
0.96
0.96
0.96
0.96
0.96
0.96
0.96
0.96
0.96
0.96
0.96
0.96
0.96
0.96
0.96
0.96
0.96
0.96
0.96
0.96
0.96
0.96
0.96
0.96
0.96
0.96
0.96
0.96
0.96
0.96
0.96
0.96
0.96
0.96
0.96
0.96
0.96
0.96
0.96
0.96
0.96
0.96
0.96
0.96
0.96
0.96
0.96
0.96
0.96
0.96
0.96
0.96
0.96
0.96
0.96
0.96
0.96
0.96
0.96
0.96
0.96
0.96
0.96
0.96
0.96
0.96
0.96
0.96
0.96
0.96
0.96
0.96
0.96
0.96
0.96
0.96
0.96
0.96
0.96
0.96
0.96
0.96
0.96
0.96
0.96
0.96
0.96
0.96
0.96
0.96
0.96
0.96
0.96
0.96
0.96
0.96
0.96
0.96
0.96
0.96
0.96
0.96
0.96
0.96
0.96
0.96
0.96
0.96
0.96
0.96
0.96
0.96
0.96
0.96
0.96
0.96
0.96
0.96
0.96
0.96
0.96
0.96
0.96
0.96
0.96
0.96
0.96
0.96
0.96
0.96
0.96
0.96
0.96
0.96
0.96
0.96
0.96
0.96
0.96
0.96
0.96
0.96
0.96
0.96
0.96
0.96
0.96
0.96
0.96
0.96
0.96
0.96
0.96
0.96
0.96
0.96
0.96
0.96
0.96
0.96
0.96
0.96
0.96
0.96
0.96
0.96
0.96
0.96
0.96
0.96
0.96
0.96
0.96
0.96
0.96
0.96
0.96
0.96
0.96
0.96
0.96
0.96
0.96
0.96
0.96
0.96
0.96
0.96
0.96
0.96
0.96
0.96
0.96
0.96
0.96
0.96
0.96
0.96
0.96
0.96
0.96
0.96
0.96
0.96
0.96
0.96
0.96
0.96
0.96
0.96
0.96
0.96
0.96
0.96
0.96
0.96
0.96
0.96
0.96
0.96
0.96
0.96
0.96
0.96
0.96
0.96
0.96
0.96
0.96
0.96
0.96
0.96
0.96
0.96
0.96
0.96
0.96
0.96
0.96
0.96
0.96
0.96
0.96
0.96
0.96
0.96
0.96
0.96
0.96
0.96
0.96
0.96
0.96
0.96
0.96
0.96
0.96
0.96
0.96
0.96
0.96
0.96
0.96
0.96
0.96
0.96
0.96
0.96
0.96
0.96
0.96
0.96
0.96
0.96
0.96
0.96
0.96
0.96
0.96
0.96
0.96
0.96
0.96
0.96
0.96
0.96
0.96
0.96
0.96
0.96
0.96
0.96
0.96
0.96
0.96
0.96
0.96
0.96
0.96
0.96
0.96
0.96
0.96
0.96
0.96
0.96
0.96
0.96
0.96
0.96
0.96
0.96
0.96
0.96
0.96
0.96
0.96
0.96
0.96
0.96
0.96
0.96
0.96
0.96
0.96
0.96
0.96
0.96
0.96
0.96
0.96
0.96
0.96
0.96
0.96
0.96
0.96
0.96
0.96
0.96
0.96
0.96
0.96
0.96
0.96
0.96
0.96
0.96
0.96
0.96
0.96
0.96
0.96
0.96
0.96
0.96
0.96
0.96
0.96
0.96
0.96
0.96
0.96
0.96
0.96
0.96
0.96
0.96
0.96
0.96
0.96
0.96
0.96
0.96
0.96
0.96
0.96
0.96
0.96
0.96
0.96
0.96
0.96
0.96
0.96
0.96
0.96
0.96
0.96
0.96
0.96
0.96
0.96
0.96
0.96
0.96
0.96
0.96
0.96
0.96
0.96
0.96
0.96
0.96
0.96
0.96
0.96
0.96
0.96
0.96
0.96
0.96
0.96
0.96
0.96
0.96
0.96
0.96
0.96
0.96
0.96
0.96
0.96
0.96
0.96
0.96
0.96
0.96
0.96
0.96
0.96
0.96
0.96
0.96
0.96
0.96
0.96
0.96
0.96
0.96
0.96
0.96
0.96
0.96
0.96
0.96
0.96
0.96
0.96
0.96
0.96
0.96
0.96
0.96
0.96
0.96
0.96
0.96
0.96
0.96
0.96
0.96
0.96
0.96
0.96
0.96
0.96
0.96
0.96
0.96
0.96
0.96
0.96
0.96
0.96
0.96
0.96
0.96
0.96
0.96
0.96
0.96
0.96
0.96
0.96
0.96
0.96
0.96
0.96
0.96
0.96
0.96
0.96
0.96
0.96
0.96
0.96
0.96
0.96
0.96
0.96
0.96
0.96
0.96
0.96
0.96
0.96
0.96
0.96
0.96
0.96
0.96
0.96
0.96
0.96
0.96
0.96
0.96
0.96
0.96
0.96
0.96
0.96
0.96
0.96
0.96
0.96
0.96
0.96
0.96
0.96
0.96
0.96
0.96
0.96
0.96
0.96
0.96
0.96
0.96
0.96
0.96
0.96
0.96
0.96
0.96
0.96
0.96
0.96
0.96
0.96
0.96
0.96
0.96
0.96
0.96
0.96
0.96
0.96
0.96
0.96
0.96
0.96
0.96
0.96
0.96
0.96
0.96
0.96
0.96
0.96
0.96
0.96
0.96
0.96