1.259687656113151
1.160206647185723
1.046984572177461
0.9335121642398501
0.828088775564148
0.7351138760962053
0.6560727277737392
0.5904729465544709
0.5367308007003334
0.4928740276543143
0.45698160663770154
0.42738985567701127
0.40274720582325113
0.38199342885709275
0.364311478948392
0.34907612324223314
0.33580900634677097
0.3241426096292072
0.3137925847744172
0.3045369948226229
0.296200910258315
0.2886450251058808
0.281757240209417
0.2754464188010963
0.26963772805698255
0.2642691395386045
0.2592887792257615
0.2546529035459854
0.2503243395786086
0.24627127194701123
0.24246629070186165
0.23888563732188203
0.23550860239549642
0.2323170404356835
0.22929497592616876
0.2264282810233445
0.22370440999872784
0.22111217896483
0.21864158201253756
0.2162836368356746
0.21403025439700923
0.21187412832117086
0.2098086405719776
0.20782778064890728
0.20592607606718707
0.2040985323032348
0.20234058071802866
0.2006480332349888
0.19901704276089888
0.19744406850953622
0.19592584552662737
0.1944593578281476
0.1930418146569943
0.1916706294397101
0.1903434010883779
0.18905789734554845
0.18781203991408296
0.1866038911506765
0.18543164213284805
0.18429360193536193
0.18318818797421504
0.1821139172951574
0.18106939869976557
0.1800533256158059
0.1790644696303861
0.17810167461450122
0.17716385137629231
0.17624997278786386
0.17535906933702633
0.1744902250609914
0.17364257382397488
0.172815295904958
0.17200761486561578
0.17121879467170928
0.17044813704412723
0.16969497901830075
0.16895869069295255
0.16823867315111626
0.16753435653810878
0.16684519828268274
0.16617068144896197
0.16551031320797885
0.16486362341872157
0.16423016330956416
0.16360950425181936
0.16300123661792443
0.16240496871746413
0.16182032580485503
0.1612469491530718
0.16068449518829866
0.16013263468083913
0.15959105198802392
0.1590594443452251
0.15853752120141396
0.1580250035960031
0.15752162357398206
0.15702712363660434
0.15654125622510648
0.15606378323514317
0.1555944755598078
0.15513311265927543
0.15467948215525934
0.15423337944861257
0.15379460735853243
0.15336297578194502
0.15293830137175168
0.15252040723271895
0.15210912263388204
0.151704282736416
0.1513057283360019
0.15091330561878802
0.15052686593010728
0.1501462655551721
0.14977136551102305
0.14940203134905555
0.14903813296749724
0.14867954443324957
0.1483261438125473
0.14797781300992607
0.14763443761502126
0.14729590675675372
0.1469621129644847
0.14663295203575202
0.14630832291022208
0.1459881275495155
0.14567227082258796
0.14536066039636392
0.14505320663134358
0.14474982248191692
0.14445042340113787
0.1441549272497241
0.14386325420906376
0.1435753266980223
0.1432910692933558
0.1430104086535466
0.14273327344589035
0.14245959427667138
0.142189303624273
0.14192233577507934
0.1416586267620308
0.14139811430570637
0.14114073775780922
0.1408864380469427
0.14063515762656628
0.14038684042503013
0.14014143179759042
0.13989887848031368
0.13965912854578294
0.13942213136052323
0.1391878375440684
0.13895619892959507
0.1387271685260528
0.1385007004817255
0.13827675004915865
0.13805527355139377
0.13783622834945264
0.1376195728110171
0.1374052662802526
0.13719326904872703
0.13698354232737808
0.13677604821948475
0.13657074969460065
0.13636761056340976
0.1361665954534651
0.13596766978577543
0.13577079975220396
0.13557595229364722
0.13538309507896112
0.1351921964846058
0.135003225574979
0.1348161520834122
0.1346309463938017
0.1344475795228511
0.13426602310290062
0.1340862493653207
0.1339082311244483
0.13373194176204456
0.1335573552122549
0.13338444594705148
0.13321318896214063
0.13304355976331744
0.13287553435325122
0.1327090892186853
0.13254420131803646
0.13238084806937947
0.1322190073388017
0.132058657429116
0.13189977706891734
0.1317423454019723
0.13158634197692806
0.13143174673733157
0.1312785400119457
0.13112670250535366
0.13097621528884118
0.13082705979154632
0.13067921779186825
0.13053267140912592
0.13038740309545827
0.13024339562795723
0.13010063210102646
0.1299590959189575
0.12981877078871643
0.12967964071293409
0.1295416899830931
0.12940490317290473
0.12926926513187018
0.1291347609790196
0.12900137609682352
0.1288690961252709
0.1287379069561084
0.12860779472723588
0.12847874581725316
0.12835074684015302
0.12822378464015619
0.1280978462866834
0.1279729190694609
0.12784899049375445
0.12772604827572862
0.12760408033792692
0.12748307480486948
0.1273630199987645
0.12724390443532999
0.12712571681972257
0.12700844604257014
0.12689208117610515
0.1267766114703956
0.1266620263496707
0.12654831540873893
0.12643546840949502
0.12632347527751348
0.12621232609872698
0.12610201111618558
0.12599252072689604
0.1258838454787376
0.12577597606745314
0.1256689033337129
0.12556261826024848
0.12545711196905623
0.12535237571866678
0.1252484009014799
0.1251451790411619
0.12504270179010474
0.12494096092694483
0.12483994835413934
0.12473965609559934
0.12464007629437752
0.12454120121040947
0.12444302321830648
0.12434553480519948
0.12424872856863142
0.12415259721449806
0.12405713355503488
0.12396233050684959
0.1238681810889987
0.123774678421107
0.12368181572152888
0.12358958630555048
0.12349798358363132
0.12340700105968481
0.12331663232939644
0.12322687107857827
0.12313771108155967
0.12304914619961248
0.12296117037941046
0.12287377765152159
0.12278696212893277
0.12270071800560568
0.12261503955506399
0.12252992112900937
0.12244535715596784
0.12236134213996364
0.1222778706592214
0.12219493736489484
0.12211253697982254
0.12203066429730873
0.12194931417992963
0.12186848155836426
0.12178816143024913
0.12170834885905617
0.12162903897299344
0.12155022696392846
0.12147190808633265
0.12139407765624752
0.12131673105027105
0.12123986370456494
0.12116347111388089
0.1210875488306066
0.1210120924638304
0.1209370976784246
0.12086256019414625
0.12078847578475595
0.12071484027715358
0.1206416495505309
0.1205688995355404
0.1204965862134802
0.12042470561549472
0.12035325382179056
0.12028222696086716
0.12021162120876235
0.12014143278831206
0.12007165796842394
0.1200022930633648
0.11993333443206124
0.11986477847741342
0.11979662164562167
0.11972886042552541
0.11966149134795466
0.119594510985093
0.11952791594985263
0.11946170289526081
0.11939586851385735
0.1193304095371032
0.11926532273479967
0.11920060491451837
0.11913625292104102
0.11907226363580978
0.11900863397638707
0.11894536089592528
0.11888244138264567
0.11881987245932678
0.1187576511828017
0.11869577464346419
0.11863423996478366
0.1185730443028285
0.11851218484579769
0.11845165881356068
0.11839146345720525
0.11833159605859311
0.11827205392992322
0.11821283441330255
0.11815393488032436
0.11809535273165346
0.11803708539661882
0.11797913033281276
0.11792148502569717
0.11786414698821636
0.1178071137604163
0.11775038290907039
0.11769395202731148
0.11763781873426982
0.1175819806747173
0.11752643551871747
0.11747118096128141
0.11741621472202914
0.11736153454485675
0.11730713819760878
0.11725302347175638
0.11719918818208007
0.11714563016635825
0.11709234728506047
0.11703933742104568
0.11698659847926536
0.11693412838647145
0.11688192509092885
0.11682998656213282
0.11677831079053032
0.11672689578724639
0.11667573958381454
0.11662484023191125
0.11657419580309494
0.11652380438854924
0.11647366409882956
0.1164237730636141
0.116374129431459
0.11632473136955664
0.11627557706349817
0.11622666471703955
0.11617799255187107
0.11612955880739076
0.11608136174048082
0.11603339962528798
0.11598567075300642
0.1159381734316652
0.11589090598591753
0.11584386675683439
0.11579705410170037
0.11575046639381335
0.11570410202228656
0.11565795939185393
0.11561203692267827
0.1155663330501623
0.11552084622476237
0.11547557491180535
0.11543051759130753
0.11538567275779689
0.11534103892013747
0.1152966146013566
0.11525239833847452
0.11520838868233654
0.11516458419744768
0.11512098346180949
0.11507758506675958
0.11503438761681307
0.1149913897295067
0.11494859003524485
0.11490598717714809
0.11486357981090342
0.11482136660461728
0.11477934623867
0.11473751740557284
0.11469587880982667
0.11465442916778283
0.11461316720750593
0.11457209166863863
0.11453120130226799
0.11449049487079421
0.1144499711478008
0.11440962891792664
0.11436946697673982
0.11432948413061335
0.11428967919660248
0.11425005100232348
0.11421059838583464
0.1141713201955183
0.11413221528996498
0.11409328253785854
0.1140545208178636
0.1140159290185139
0.11397750603810233
0.11393925078457273
0.11390116217541263
0.11386323913754785
0.11382548060723845
0.11378788552997578
0.11375045286038124
0.11371318156210637
0.11367607060773388
0.11363911897868051
0.11360232566510069
0.11356568966579209
0.11352920998810154
0.11349288564783297
0.11345671566915627
0.1134206990845172
0.1133848349345486
0.11334912226798281
0.11331356014156527
0.11327814761996877
0.11324288377570962
0.11320776768906415
0.11317279844798663
0.11313797514802834
0.11310329689225726
0.11306876279117938
0.11303437196266032
0.11300012353184867
0.11296601663109966
0.11293205039990026
0.11289822398479482
0.1128645365393121
0.11283098722389298
0.11279757520581878
0.1127642996591411
0.1127311597646121
0.11269815470961568
0.11266528368809964
0.11263254590050874
0.11259994055371825
0.11256746686096883
0.11253512404180167
0.11250291132199484
0.11247082793350023
0.11243887311438135
0.11240704610875171
0.11237534616671419
0.11234377254430106
0.11231232450341452
0.11228100131176845
0.11224980224283021
0.1122187265757638
0.11218777359537314
0.1121569425920464
0.11212623286170095
0.11209564370572883
0.11206517443094273
0.11203482434952326
0.11200459277896598
0.11197447904202974
0.11194448246668527
0.11191460238606454
0.11188483813841053
0.11185518906702795
0.11182565452023402
0.11179623385131034
0.11176692641845497
0.11173773158473521
0.111708648718041
0.11167967719103862
0.11165081638112516
0.11162206567038345
0.11159342444553749
0.1115648920979083
0.11153646802337056
0.11150815162230933
0.11147994229957775
0.1114518394644547
0.11142384253060336
0.1113959509160302
0.11136816404304414
0.11134048133821635
0.11131290223234071
0.11128542616039426
0.11125805256149868
0.11123078087888151
0.11120361055983853
0.11117654105569592
0.1111495718217733
0.11112270231734689
0.11109593200561335
0.11106926035365375
0.11104268683239803
0.11101621091659009
0.11098983208475276
0.11096354981915374
0.11093736360577144
0.11091127293426148
0.11088527729792343
0.11085937619366787
0.11083356912198405
0.11080785558690769
0.11078223509598896
0.11075670716026137
0.11073127129421041
0.11070592701574285
0.11068067384615625
0.11065551131010892
0.11063043893559013
0.1106054562538904
0.11058056279957271
0.11055575811044341
0.11053104172752361
0.1105064131950212
0.11048187206030273
0.11045741787386576
0.11043305018931163
0.11040876856331826
0.1103845725556135
0.11036046172894862
0.11033643564907193
0.11031249388470306
0.11028863600750724
0.11026486159206973
0.11024117021587092
0.11021756145926138
0.11019403490543717
0.11017059014041548
0.11014722675301064
0.11012394433481021
0.11010074248015135
0.11007762078609738
0.11005457885241485
0.11003161628155045
0.1100087326786085
0.10998592765132832
0.10996320081006238
0.10994055176775396
0.10991798013991566
0.1098954855446077
0.10987306760241676
0.10985072593643486
0.10982846017223834
0.10980626993786739
0.10978415486380547
0.10976211458295905
0.10974014873063771
0.10971825694453397
0.109696438864704
0.10967469413354797
0.10965302239579085
0.10963142329846322
0.10960989649088253
0.10958844162463441
0.10956705835355399
0.10954574633370767
0.10952450522337522
0.10950333468303129
0.10948223437532809
0.10946120396507755
0.10944024311923387
0.10941935150687637
0.10939852879919221
0.10937777466945961
0.10935708879303101
0.10933647084731647
0.10931592051176708
0.10929543746785897
0.10927502139907694
0.1092546719908985
0.10923438893077804
0.1092141719081314
0.10919402061431992
0.10917393474263537
0.10915391398828479
0.1091339580483749
0.10911406662189796
0.10909423940971627
0.10907447611454779
0.10905477644095164
0.10903514009531376
0.10901556678583253
0.10899605622250468
0.10897660811711142
0.10895722218320454
0.10893789813609268
0.10891863569282775
0.10889943457219133
0.10888029449468169
0.10886121518250022
0.10884219635953855
0.10882323775136545
0.10880433908521411
0.10878550008996934
0.10876672049615492
0.10874800003592126
0.10872933844303286
0.10871073545285612
0.10869219080234717
0.10867370423003986
0.10865527547603379
0.10863690428198257
0.1086185903910819
0.10860033354805827
0.10858213349915725
0.10856398999213206
0.10854590277623251
0.1085278716021935
0.10850989622222429
0.10849197638999712
0.10847411186063657
0.10845630239070884
0.10843854773821075
0.10842084766255937
0.10840320192458157
0.10838561028650336
0.10836807251193972
0.10835058836588457
0.10833315761470019
0.10831578002610753
0.10829845536917612
0.10828118341431435
0.10826396393325936
0.10824679669906774
0.10822968148610566
0.10821261807003939
0.10819560622782595
0.10817864573770371
0.10816173637918304
0.10814487793303727
0.10812807018129339
0.10811131290722323
0.10809460589533426
0.10807794893136088
0.10806134180225568
0.10804478429618047
0.10802827620249787
0.10801181731176263
0.10799540741571312
0.10797904630726295
0.10796273378049255
0.10794646963064107
0.10793025365409784
0.10791408564839451
0.10789796541219693
0.10788189274529705
0.10786586744860507
0.10784988932414152
0.10783395817502955
0.107818073805487
0.10780223602081905
0.10778644462741026
0.10777069943271732
0.10775500024526141
0.10773934687462083
0.1077237391314237
0.10770817682734063
0.10769265977507739
0.10767718778836798
0.10766176068196731
0.10764637827164424
0.10763104037417463
0.10761574680733432
0.10760049738989239
0.10758529194160406
0.10757013028320432
0.10755501223640102
0.10753993762386808
0.10752490626923926
0.10750991799710125
0.10749497263298748
0.1074800700033715
0.10746520993566068
0.10745039225818981
0.10743561680021506
0.10742088339190728
0.10740619186434645
0.10739154204951505
0.10737693378029221
0.10736236689044765
0.10734784121463575
0.10733335658838956
0.10731891284811493
0.1073045098310847
0.10729014737543291
0.10727582532014912
0.10726154350507261
0.10724730177088684
0.10723309995911368
0.10721893791210815
0.10720481547305265
0.10719073248595161
0.107176688795626
0.10716268424770806
0.10714871868863583
0.10713479196564799
0.10712090392677846
0.10710705442085136
0.1070932432974757
0.10707947040704029
0.1070657356007087
0.1070520387304142
0.10703837964885474
0.10702475820948786
0.10701117426652595
0.10699762767493139
0.1069841182904114
0.10697064596941351
0.10695721056912073
0.10694381194744673
0.10693044996303114
0.10691712447523498
0.10690383534413594
0.10689058243052382
0.10687736559589599
0.10686418470245282
0.10685103961309322
0.10683793019141019
0.10682485630168644
0.10681181780888982
0.10679881457866933
0.1067858464773503
0.10677291337193062
0.10676001513007616
0.10674715162011661
0.10673432271104139
0.10672152827249531
0.10670876817477473
0.10669604228882319
0.10668335048622744
0.10667069263921354
0.10665806862064259
0.10664547830400703
0.10663292156342656
0.10662039827364418
0.10660790831002255
0.10659545154853982
0.10658302786578595
0.10657063713895905
0.10655827924586135
0.1065459540648957
0.10653366147506177
0.10652140135595223
0.10650917358774926
0.10649697805122103
0.10648481462771782
0.10647268319916857
0.1064605836480774
0.10644851585751998
0.10643647971114015
0.10642447509314631
0.10641250188830813
0.10640055998195297
0.10638864925996265
0.10637676960876993
0.10636492091535532
0.10635310306724359
0.10634131595250064
0.1063295594597301
0.10631783347807018
0.10630613789719036
0.10629447260728825
0.1062828374990864
0.10627123246382916
0.10625965739327951
0.10624811217971598
0.10623659671592957
0.1062251108952206
0.10621365461139592
0.10620222775876555
0.10619083023213986
0.10617946192682672
0.10616812273862827
0.10615681256383816
0.10614553129923866
0.10613427884209765
0.1061230550901658
0.10611185994167377
0.10610069329532933
0.10608955505031459
0.10607844510628311
0.10606736336335727
0.10605630972212537
0.10604528408363911
0.10603428634941062
0.10602331642140991
0.10601237420206225
0.10600145959424545
0.10599057250128714
0.10597971282696227
0.1059688804754905
0.10595807535153358
0.10594729736019277
0.10593654640700641
0.10592582239794722
0.1059151252394199
0.10590445483825865
0.10589381110172469
0.10588319393750366
0.1058726032537034
0.10586203895885142
0.10585150096189244
0.1058409891721861
0.10583050349950453
0.10582004385403
0.10580961014635265
0.10579920228746799
0.10578882018877474
0.10577846376207256
0.1057681329195597
0.10575782757383065
0.10574754763787413
0.10573729302507065
0.10572706364919035
0.10571685942439095
0.10570668026521522
0.10569652608658923
0.1056863968038199
0.10567629233259293
0.1056662125889707
0.10565615748939022
0.10564612695066086
0.10563612088996241
0.10562613922484304
0.10561618187321703
0.10560624875336297
0.10559633978392162
0.10558645488389393
0.10557659397263897
0.105566756969872
0.10555694379566254
0.10554715437043226
0.10553738861495325
0.10552764645034589
0.10551792779807694
0.10550823257995788
0.10549856071814259
0.10548891213512597
0.10547928675374155
0.10546968449716006
0.10546010528888725
0.10545054905276234
0.1054410157129561
0.1054315051939688
0.10542201742062887
0.1054125523180907
0.10540310981183311
0.10539368982765747
0.105384292291686
0.10537491713035999
0.10536556427043813
0.10535623363899474
0.10534692516341809
0.1053376387714087
0.10532837439097764
0.1053191319504449
0.10530991137843766
0.10530071260388874
0.10529153555603475
0.10528238016441482
0.10527324635886859
0.10526413406953486
0.1052550432268499
0.10524597376154592
0.10523692560464924
0.1052278986874792
0.10521889294164617
0.10520990829905012
0.10520094469187932
0.10519200205260838
0.1051830803139971
0.10517417940908884
0.10516529927120886
0.10515643983396318
0.10514760103123669
0.1051387827971921
0.10512998506626813
0.10512120777317814
0.10511245085290898
0.10510371424071904
0.1050949978721373
0.10508630168296161