1.024471065942842
0.9400506521466602
0.8352509560067216
0.7239488641448326
0.6178720262990713
0.5250787700738185
0.4491242212617086
0.38970989098071973
0.3443657217388504
0.3100220099219023
0.28389173079829694
0.26376525830247005
0.24800364870913333
0.23542979760697436
0.22520941380922774
0.21675238231812094
0.2096391924834428
0.20356866799285872
0.19832169693010798
0.1937363381286869
0.18969080365076815
0.18609182297481988
0.18286666171020727
0.17995761582345263
0.17731818225109494
0.1749103662106223
0.17270276144467836
0.17066915850230083
0.16878751630290512
0.16703918615734586
0.16540831363090144
0.16388136788426114
0.16244676432433192
0.16109455718305693
0.15981618581138923
0.15860426323783958
0.15745239871153713
0.15635504807409945
0.15530738724551205
0.15430520510581125
0.15334481276276735
0.15242296671679886
0.15153680383239004
0.15068378634094312
0.1498616553586608
0.1490683916204806
0.14830218231708264
0.14756139308277583
0.14684454432171773
0.14615029118130668
0.14547740658687758
0.14482476684283044
0.14419133938360015
0.1435761723248715
0.14297838552248793
0.14239716289482485
0.14183174580514277
0.14128142733463203
0.14074554730545602
0.14022348793691883
0.1397146700376709
0.13921854965325856
0.13873461510187926
0.13826238434239638
0.13780140262789806
0.13735124040569885
0.13691149143095735
0.13648177106626555
0.13606171474384152
0.1356509765704994
0.13524922805850614
0.13485615696787354
0.13447146624767112
0.1340948730656443
0.13372610791685446
0.13336491380325935
0.13301104547717132
0.13266426874239878
0.13232435980761179
0.13199110468710884
0.13166429864470489
0.13134374567693274
0.131029258032158
0.13072065576256367
0.13041776630627291
0.1301204240971504
0.1298284702000643
0.1295417519696033
0.12926012273043128
0.12898344147763027
0.1287115725955309
0.12844438559366358
0.12818175485858263
0.12792355942042316
0.12766968273314655
0.12742001246751747
0.12717444031593408
0.12693286180830401
0.1266951761382227
0.1264612859987694
0.12623109742728944
0.12600451965857934
0.1257814649859359
0.12556184862956957
0.12534558861192088
0.1251326056394511
0.12492282299050914
0.12471616640890645
0.12451256400285514
0.12431194614895158
0.12411424540090689
0.12391939640274763
0.12372733580622888
0.12353800219221735
0.12335133599582052
0.12316727943505061
0.12298577644282717
0.12280677260213343
0.12263021508415459
0.12245605258923624
0.1222842352905115
0.12211471478005437
0.12194744401742669
0.12178237728049288
0.1216194701183847
0.12145867930650554
0.12129996280347034
0.12114327970988265
0.12098859022885668
0.12083585562819783
0.12068503820415888
0.1205361012466955
0.12038900900614728
0.12024372666127607
0.12010022028859593
0.11995845683293416
0.1198184040791642
0.1196800306250564
0.11954330585519435
0.11940819991590723
0.11927468369117213
0.11914272877944206
0.11901230747135756
0.11888339272830255
0.11875595816176661
0.11862997801347837
0.11850542713627567
0.11838228097568061
0.11826051555214899
0.11814010744396485
0.11802103377075286
0.11790327217758219
0.11778680081963668
0.11767159834742799
0.11755764389252894
0.11744491705380522
0.11733339788412561
0.11722306687753072
0.1171139049568416
0.11700589346169078
0.11689901413695894
0.11679324912160001
0.11668858093784112
0.11658499248074092
0.11648246700809317
0.11638098813066229
0.11628053980273732
0.11618110631299296
0.11608267227564514
0.11598522262189065
0.11588874259161946
0.11579321772539032
0.115698633856659
0.11560497710425012
0.11551223386506394
0.11542039080700908
0.11532943486215277
0.11523935322008158
0.11515013332146405
0.11506176285180872
0.11497422973541009
0.11488752212947637
0.11480162841843206
0.11471653720838976
0.11463223732178485
0.11454871779216755
0.11446596785914744
0.11438397696348414
0.11430273474232018
0.11422223102455069
0.11414245582632557
0.11406339934667925
0.11398505196328444
0.11390740422832528
0.11383044686448576
0.11375417076105043
0.11367856697011275
0.11360362670288823
0.11352934132612885
0.11345570235863509
0.11338270146786306
0.1133103304666233
0.11323858130986846
0.1131674460915666
0.11309691704165865
0.11302698652309588
0.11295764702895571
0.11288889117963354
0.11282071172010781
0.11275310151727636
0.11268605355736167
0.1126195609433831
0.11255361689269398
0.11248821473458158
0.1124233479079283
0.11235900995893178
0.11229519453888273
0.11223189540199822
0.11216910640330945
0.11210682149660173
0.11204503473240562
0.11198374025603744
0.1119229323056879
0.11186260521055756
0.11180275338903736
0.11174337134693346
0.11168445367573479
0.11162599505092201
0.1115679902303172
0.1115104340524726
0.11145332143509765
0.111396647373523
0.1113404069392009
0.11128459527824014
0.11122920760997596
0.11117423922557228
0.11111968548665672
0.11106554182398706
0.11101180373614798
0.11095846678827764
0.11090552661082353
0.11085297889832595
0.11080081940822926
0.11074904395971989
0.11069764843259
0.11064662876612687
0.11059598095802661
0.1105457010633319
0.11049578519339347
0.1104462295148539
0.11039703024865383
0.11034818366905988
0.11029968610271343
0.11025153392770008
0.11020372357263915
0.11015625151579245
0.11010911428419244
0.11006230845278865
0.11001583064361214
0.10996967752495806
0.1099238458105846
0.10987833225892954
0.10983313367234253
0.10978824689633371
0.10974366881883768
0.10969939636949283
0.10965542651893527
0.10961175627810742
0.10956838269758064
0.10952530286689162
0.10948251391389219
0.10944001300411235
0.10939779734013606
0.10935586416098951
0.10931421074154164
0.10927283439191669
0.10923173245691817
0.10919090231546442
0.10915034138003525
0.10911004709612933
0.10907001694173231
0.10903024842679529
0.10899073909272337
0.10895148651187413
0.10891248828706569
0.10887374205109443
0.10883524546626198
0.10879699622391062
0.10875899204396848
0.10872123067450261
0.10868370989128091
0.10864642749734207
0.10860938132257368
0.1085725692232983
0.10853598908186723
0.10849963880626164
0.10846351632970129
0.10842761961026053
0.10839194663049112
0.10835649539705224
0.10832126394034698
0.10828625031416576
0.10825145259533604
0.10821686888337832
0.10818249730016855
0.10814833598960656
0.10811438311729019
0.1080806368701956
0.10804709545636319
0.10801375710458876
0.10798062006412072
0.10794768260436215
0.10791494301457827
0.10788239960360926
0.10785005069958772
0.10781789464966139
0.1077859298197204
0.10775415459412953
0.10772256737546486
0.10769116658425514
0.1076599506587275
0.10762891805455745
0.10759806724462335
0.10756739671876492
0.10753690498354573
0.10750659056202011
0.10747645199350338
0.10744648783334663
0.10741669665271474
0.10738707703836833
0.10735762759244938
0.10732834693227025
0.1072992336901065
0.10727028651299264
0.10724150406252184
0.10721288501464842
0.1071844280594939
0.107156131901156
0.10712799525752095
0.10710001686007863
0.107072195453741
0.10704452979666308
0.10701701866006716
0.1069896608280697
0.10696245509751078
0.10693540027778672
0.10690849519068508
0.10688173867022216
0.10685512956248339
0.10682866672546612
0.10680234902892469
0.1067761753542182
0.10675014459416053
0.10672425565287284
0.10669850744563797
0.10667289889875768
0.10664742894941169
0.10662209654551891
0.10659690064560111
0.10657184021864831
0.1065469142439865
0.10652212171114724
0.10649746161973934
0.10647293297932235
0.10644853480928215
0.1064242661387083
0.10640012600627322
0.10637611346011333
0.10635222755771173
0.106328467365783
0.1063048319601592
0.10628132042567814
0.1062579318560729
0.10623466535386304
0.10621152003024778
0.10618849500500013
0.10616558940636299
0.1061428023709469
0.10612013304362886
0.10609758057745285
0.10607514413353195
0.10605282288095152
0.10603061599667402
0.10600852266544526
0.10598654207970185
0.1059646734394799
0.1059429159523253
0.10592126883320507
0.10589973130442007
0.10587830259551886
0.10585698194321284
0.10583576859129268
0.10581466179054563
0.10579366079867446
0.10577276488021699
0.10575197330646734
0.10573128535539772
0.10571070031158157
0.10569021746611797
0.10566983611655668
0.10564955556682454
0.10562937512715259
0.10560929411400459
0.10558931185000622
0.10556942766387525
0.1055496408903528
0.10552995087013564
0.10551035694980888
0.10549085848178032
0.10547145482421512
0.10545214534097161
0.10543292940153781
0.10541380638096899
0.10539477565982605
0.10537583662411436
0.10535698866522396
0.10533823117987025
0.10531956357003534
0.10530098524291068
0.1052824956108398
0.10526409409126222
0.10524578010665814
0.10522755308449358
0.10520941245716638
0.105191357661953
0.10517338814095573
0.105155503341051
0.10513770271383809
0.10511998571558832
0.1051023518071954
0.1050848004541261
0.1050673311263714
0.10504994329839874
0.1050326364491044
0.1050154100617668
0.10499826362400032
0.10498119662770951
0.1049642085690443
0.1049472989483553
0.10493046727015003
0.10491371304304958
0.10489703577974564
0.10488043499695847
0.10486391021539487
0.10484746095970722
0.10483108675845265
0.10481478714405282
0.10479856165275427
0.10478240982458925
0.10476633120333688
0.10475032533648497
0.10473439177519228
0.10471853007425111
0.10470273979205061
0.10468702049054013
0.10467137173519353
0.10465579309497344
0.10464028414229629
0.10462484445299763
0.10460947360629791
0.10459417118476852
0.10457893677429854
0.1045637699640616
0.10454867034648328
0.10453363751720891
0.10451867107507175
0.10450377062206136
0.10448893576329271
0.10447416610697531
0.10445946126438288
0.10444482084982347
0.10443024448060963
0.10441573177702916
0.10440128236231624
0.10438689586262279
0.10437257190699008
0.10435831012732096
0.104344110158352
0.1043299716376265
0.10431589420546723
0.10430187750494986
0.10428792118187662
0.10427402488475021
0.10426018826474807
0.10424641097569691
0.10423269267404744
0.10421903301884966
0.10420543167172812
0.10419188829685772
0.10417840256093952
0.10416497413317717
0.1041516026852532
0.10413828789130587
0.10412502942790637
0.10411182697403579
0.10409868021106293
0.10408558882272197
0.10407255249509052
0.10405957091656796
0.10404664377785396
0.10403377077192716
0.10402095159402437
0.10400818594161967
0.1039954735144038
0.10398281401426415
0.10397020714526431
0.10395765261362457
0.10394515012770203
0.10393269939797126
0.10392030013700504
0.10390795205945562
0.1038956548820355
0.10388340832349913
0.10387121210462445
0.10385906594819477
0.1038469695789806
0.10383492272372205
0.10382292511111117
0.10381097647177437
0.10379907653825556
0.10378722504499867
0.10377542172833115
0.10376366632644701
0.1037519585793906
0.10374029822904
0.10372868501909106
0.10371711869504141
0.10370559900417453
0.10369412569554416
0.10368269851995889
0.10367131722996675
0.10365998157984017
0.10364869132556076
0.10363744622480468
0.10362624603692794
0.1036150905229518
0.10360397944554833
0.10359291256902634
0.1035818896593172
0.1035709104839608
0.10355997481209209
0.10354908241442705
0.10353823306324941
0.10352742653239713
0.10351666259724936
0.10350594103471317
0.10349526162321065
0.10348462414266608
0.10347402837449327
0.1034634741015828
0.10345296110828986
0.10344248918042177
0.10343205810522577
0.10342166767137699
0.10341131766896652
0.1034010078894896
0.1033907381258337
0.10338050817226739
0.10337031782442832
0.10336016687931228
0.10335005513526169
0.10333998239195462
0.10332994845039369
0.10331995311289521
0.10330999618307833
0.10330007746585432
0.10329019676741603
0.1032803538952274
0.10327054865801302
0.10326078086574791
0.10325105032964729
0.1032413568621565
0.10323170027694116
0.10322208038887691
0.10321249701404007
0.10320294996969767
0.10319343907429793
0.10318396414746069
0.10317452500996811
0.10316512148375526
0.1031557533919009
0.10314642055861833
0.10313712280924636
0.10312785997024031
0.10311863186916315
0.10310943833467665
0.10310027919653275
0.10309115428556484
0.10308206343367932
0.10307300647384696
0.10306398324009466
0.10305499356749709
0.10304603729216848
0.10303711425125445
0.10302822428292388
0.10301936722636099
0.10301054292175744
0.10300175121030439
0.10299299193418472
0.10298426493656543
0.10297557006158999
0.10296690715437057
0.1029582760609809
0.10294967662844856
0.10294110870474776
0.1029325721387921
0.1029240667804271
0.10291559248042345
0.1029071490904696
0.10289873646316484
0.10289035445201238
0.10288200291141249
0.10287368169665553
0.10286539066391534
0.1028571296702425
0.10284889857355756
0.10284069723264468
0.1028325255071449
0.10282438325754979
0.1028162703451951
0.1028081866322542
0.10280013198173209
0.1027921062574589
0.10278410932408387
0.10277614104706913
0.10276820129268376
0.10276028992799767
0.10275240682087573
0.10274455183997179
0.10273672485472278
0.10272892573534319
0.10272115435281888
0.10271341057890179
0.1027056942861041
0.10269800534769265
0.10269034363768344
0.10268270903083604
0.10267510140264828
0.10266752062935074
0.10265996658790141
0.10265243915598046
0.10264493821198489
0.10263746363502338
0.10263001530491103
0.10262259310216441
0.10261519690799627
0.10260782660431064
0.10260048207369786
0.10259316319942953
0.10258586986545366
0.10257860195638986
0.10257135935752436
0.10256414195480543
0.10255694963483858
0.10254978228488174
0.10254263979284067
0.10253552204726457
0.10252842893734106
0.10252136035289208
0.10251431618436907
0.10250729632284873
0.1025003006600284
0.10249332908822195
0.10248638150035506
0.10247945778996129
0.10247255785117747
0.10246568157873978
0.10245882886797922
0.10245199961481773
0.1024451937157639
0.1024384110679089
0.10243165156892246
0.10242491511704871
0.1024182016111024
0.10241151095046479
0.10240484303507964
0.10239819776544959
0.10239157504263202
0.10238497476823538
0.10237839684441526
0.10237184117387081
0.10236530765984084
0.10235879620610007
0.10235230671695571
0.10234583909724358
0.10233939325232456
0.10233296908808101
0.1023265665109132
0.10232018542773581
0.10231382574597447
0.10230748737356217
0.1023011702189359
0.10229487419103317
0.1022885991992888
0.10228234515363135
0.10227611196447986
0.10226989954274068
0.10226370779980383
0.10225753664754024
0.10225138599829817
0.10224525576490012
0.10223914586063965
0.1022330561992782
0.1022269866950421
0.10222093726261926
0.10221490781715634
0.10220889827425546
0.1022029085499713
0.10219693856080818
0.10219098822371689
0.10218505745609188
0.10217914617576829
0.10217325430101908
0.10216738175055207
0.10216152844350707
0.10215569429945319
0.10214987923838595
0.10214408318072432
0.10213830604730827
0.10213254775939566
0.10212680823865988
0.10212108740718684
0.10211538518747243
0.10210970150241987
0.10210403627533697
0.1020983894299336
0.10209276089031909
0.10208715058099951
0.1020815584268753
0.10207598435323854
0.10207042828577065
0.10206489015053961
0.10205936987399776
0.10205386738297911
0.10204838260469698
0.10204291546674164
0.10203746589707774
0.10203203382404215
0.10202661917634132
0.10202122188304916
0.10201584187360449
0.10201047907780901
0.10200513342582464
0.10199980484817155
0.10199449327572568
0.10198919863971669
0.10198392087172549
0.10197865990368223
0.10197341566786403
0.10196818809689273
0.10196297712373288
0.10195778268168942
0.10195260470440565
0.10194744312586114
0.1019422978803695
0.10193716890257648
0.10193205612745772
0.10192695949031678
0.10192187892678309
0.10191681437280996
0.10191176576467259
0.10190673303896594
0.10190171613260283
0.10189671498281212
0.10189172952713654
0.1018867597034308
0.10188180544985984
0.1018768667048966
0.10187194340732061
0.1018670354962156
0.1018621429109679
0.10185726559126462
0.1018524034770917
0.1018475565087321
0.10184272462676412
0.10183790777205941
0.10183310588578126
0.10182831890938301
0.10182354678460587
0.10181878945347768
0.10181404685831076
0.10180931894170045
0.10180460564652322
0.10179990691593527
0.10179522269337038
0.10179055292253864
0.10178589754742466
0.10178125651228587
0.10177662976165093
0.10177201724031817
0.10176741889335383
0.1017628346660906
0.1017582645041259
0.1017537083533205
0.10174916615979665
0.10174463786993689
0.10174012343038225
0.1017356227880307
0.10173113589003585
0.10172666268380526
0.10172220311699887
0.10171775713752779
0.10171332469355257
0.10170890573348179
0.10170450020597066
0.10170010805991955
0.10169572924447251
0.10169136370901584
0.10168701140317674
0.1016826722768218
0.10167834628005581
0.10167403336322006
0.10166973347689123
0.10166544657187984
0.101661172599229
0.10165691151021303
0.10165266325633605
0.10164842778933088
0.10164420506115734
0.10163999502400131
0.10163579763027313
0.10163161283260652
0.10162744058385717
0.10162328083710158
0.10161913354563558
0.1016149986629733
0.10161087614284577
0.10160676593919986
0.1016026680061966
0.1015985822982107
0.10159450876982853
0.10159044737584746
0.10158639807127448
0.10158236081132496
0.10157833555142155
0.10157432224719293
0.10157032085447268
0.10156633132929818
0.10156235362790932
0.10155838770674747
0.10155443352245429
0.1015504910318706
0.10154656019203534
0.10154264096018431
0.10153873329374913
0.10153483715035624
0.1015309524878257
0.10152707926417
0.10152321743759321
0.10151936696648982
0.10151552780944367
0.10151169992522681
0.10150788327279854
0.10150407781130448
0.10150028350007524
0.10149650029862567
0.1014927281666537
0.10148896706403933
0.10148521695084371
0.10148147778730805
0.10147774953385262
0.10147403215107585
0.10147032559975327
0.10146662984083653
0.1014629448354525
0.10145927054490222
0.10145560693066008
0.10145195395437272
0.10144831157785808
0.10144467976310466
0.10144105847227042
0.10143744766768187
0.10143384731183314
0.10143025736738519
0.10142667779716474
0.10142310856416352
0.10141954963153721
0.10141600096260474
0.10141246252084715
0.1014089342699071
0.10140541617358753
0.10140190819585115
0.10139841030081942
0.1013949224527718
0.10139144461614476
0.10138797675553098
0.10138451883567859
0.10138107082149028
0.1013776326780225
0.10137420437048453
0.1013707858642378
0.10136737712479502
0.10136397811781936
0.10136058880912367
0.10135720916466964
0.10135383915056712
0.1013504787330731
0.1013471278785913
0.10134378655367099
0.10134045472500644