0.9266666666666666
0.9266666666666666
0.9266666666666666
0.9266666666666666
0.9266666666666666
0.9266666666666666
0.9266666666666666
0.9266666666666666
0.9266666666666666
0.9266666666666666
0.9266666666666666
0.9266666666666666
0.9266666666666666
0.9266666666666666
0.9266666666666666
0.9266666666666666
0.9266666666666666
0.9266666666666666
0.9266666666666666
0.9266666666666666
0.9266666666666666
0.9266666666666666
0.9266666666666666
0.9266666666666666
0.9266666666666666
0.9266666666666666
0.9266666666666666
0.9266666666666666
0.9266666666666666
0.9266666666666666
0.9266666666666666
0.9266666666666666
0.9266666666666666
0.9266666666666666
0.9266666666666666
0.9266666666666666
0.9266666666666666
0.9266666666666666
0.9266666666666666
0.9266666666666666
0.9266666666666666
0.9266666666666666
0.9266666666666666
0.9266666666666666
0.9266666666666666
0.9266666666666666
0.9266666666666666
0.9266666666666666
0.9266666666666666
0.9266666666666666
0.9266666666666666
0.9266666666666666
0.9266666666666666
0.9266666666666666
0.9266666666666666
0.9266666666666666
0.9266666666666666
0.9266666666666666
0.9266666666666666
0.9266666666666666
0.9266666666666666
0.9266666666666666
0.9266666666666666
0.9266666666666666
0.9266666666666666
0.9266666666666666
0.9266666666666666
0.9266666666666666
0.9333333333333333
0.9333333333333333
0.9333333333333333
0.9333333333333333
0.9333333333333333
0.9333333333333333
0.9333333333333333
0.9333333333333333
0.9333333333333333
0.9333333333333333
0.9333333333333333
0.9333333333333333
0.9333333333333333
0.9333333333333333
0.9333333333333333
0.9333333333333333
0.9333333333333333
0.9333333333333333
0.9333333333333333
0.9333333333333333
0.9333333333333333
0.9333333333333333
0.9333333333333333
0.9333333333333333
0.9333333333333333
0.9333333333333333
0.9333333333333333
0.9333333333333333
0.9333333333333333
0.9333333333333333
0.9333333333333333
0.9333333333333333
0.9333333333333333
0.9333333333333333
0.9333333333333333
0.9333333333333333
0.94
0.94
0.94
0.94
0.94
0.94
0.94
0.94
0.94
0.94
0.94
0.94
0.94
0.94
0.94
0.94
0.94
0.94
0.94
0.9466666666666667
0.9466666666666667
0.9466666666666667
0.9466666666666667
0.9466666666666667
0.9466666666666667
0.9466666666666667
0.9466666666666667
0.9466666666666667
0.9466666666666667
0.9466666666666667
0.9466666666666667
0.9466666666666667
0.9466666666666667
0.9466666666666667
0.9466666666666667
0.9466666666666667
0.9466666666666667
0.9466666666666667
0.9466666666666667
0.9466666666666667
0.9466666666666667
0.9533333333333334
0.9533333333333334
0.9533333333333334
0.9533333333333334
0.9533333333333334
0.9533333333333334
0.9533333333333334
0.9533333333333334
0.9533333333333334
0.9533333333333334
0.9533333333333334
0.9533333333333334
0.9533333333333334
0.9533333333333334
0.9533333333333334
0.9533333333333334
0.9533333333333334
0.9533333333333334
0.9533333333333334
0.9533333333333334
0.9533333333333334
0.9533333333333334
0.9533333333333334
0.9533333333333334
0.9533333333333334
0.9533333333333334
0.9533333333333334
0.9533333333333334
0.9533333333333334
0.9533333333333334
0.9533333333333334
0.9533333333333334
0.9533333333333334
0.9533333333333334
0.9533333333333334
0.9533333333333334
0.9533333333333334
0.9533333333333334
0.9533333333333334
0.9533333333333334
0.9533333333333334
0.9533333333333334
0.9533333333333334
0.9533333333333334
0.9533333333333334
0.9533333333333334
0.9533333333333334
0.9533333333333334
0.9533333333333334
0.9533333333333334
0.9533333333333334
0.9533333333333334
0.9533333333333334
0.9533333333333334
0.9533333333333334
0.9533333333333334
0.9533333333333334
0.9533333333333334
0.9533333333333334
0.9533333333333334
0.9533333333333334
0.9533333333333334
0.9533333333333334
0.9533333333333334
0.9533333333333334
0.9533333333333334
0.9533333333333334
0.9533333333333334
0.9533333333333334
0.9533333333333334
0.9533333333333334
0.9533333333333334
0.9533333333333334
0.9533333333333334
0.9533333333333334
0.9533333333333334
0.9533333333333334
0.9533333333333334
0.9533333333333334
0.9533333333333334
0.9533333333333334
0.9533333333333334
0.9533333333333334
0.9533333333333334
0.9533333333333334
0.9533333333333334
0.9533333333333334
0.9533333333333334
0.9533333333333334
0.9533333333333334
0.9533333333333334
0.9533333333333334
0.9533333333333334
0.9533333333333334
0.9533333333333334
0.9533333333333334
0.9533333333333334
0.9533333333333334
0.9533333333333334
0.9533333333333334
0.9533333333333334
0.9533333333333334
0.9533333333333334
0.9533333333333334
0.9533333333333334