0.3701050835616099
0.35469563194945863
0.3345669566372099
0.31190629975399503
0.2886690347268668
0.266388429059307
0.24609912232683093
0.22835997633682867
0.21334223735835442
0.20094382503114513
0.1908985996365089
0.18286342252757526
0.17647845160080852
0.1714038265532702
0.16733879851856415
0.16402925327591297
0.1612682498511504
0.15889272832036114
0.15677836951186877
0.15483378619031318
0.15299471914791393
0.15121860689750177
0.14947971740944496
0.14776492328712745
0.14607013711786768
0.14439738405212776
0.1427524644009896
0.14114314492976646
0.1395778105016525
0.13806450582804475
0.13661029890402376
0.13522090214526203
0.1339004933941925
0.13265168608848021
0.1314756053901528
0.13037203450199783
0.12933960241641382
0.12837599072789355
0.12747814276334538
0.1266424630886624
0.12586499943645962
0.1251416023107463
0.12446806002847909
0.12384020883989323
0.12325401912007314
0.12270565953390047
0.12219154163080755
0.12170834760220288
0.12125304400100725
0.12082288413731701
0.1204154016747556
0.12002839769725455
0.11965992322619123
0.11930825886610211
0.11897189296056411
0.11864949936016483
0.11833991564953787
0.11804212245473192
0.11775522425771878
0.11747843198174705
0.11721104747828912
0.11695244994133655
0.11670208419502473
0.11645945074293163
0.11622409742870107
0.11599561253474276
0.1157736191356506
0.11555777052289676
0.11534774652480904
0.1151432505586474
0.1149440072678982
0.11474976061615755
0.11456027232792224
0.11437532058528163
0.11419469890717156
0.1140182151540122
0.11384569061488012
0.11367695914669473
0.11351186634519295
0.11335026873577406
0.11319203297875652
0.11303703508836568
0.11288515966808589
0.11273629916707431
0.11259035316337844
0.11244722767993423
0.11230683453894957
0.1121690907594756
0.11203391800189347
0.11190124206182257
0.11177099241469936
0.11164310181106085
0.11151750592145684
0.1113941430289503
0.11127295376637086
0.11115388089487184
0.11103686911990722
0.11092186494048298
0.1108088165274279
0.11069767362646109