0.49857683268134445
0.2695366245546078
0.192741093141319
0.17741228704463075
0.17255040642704303
0.16314898510270043
0.1486380714243876
0.13267835353726257
0.11872645707404081
0.10861475232404635
0.10266583619755108
0.10029123209660468
0.10051977328452709
0.10233187124918527
0.1048402097092809
0.10736890967179101
0.10947015921514221
0.11090559945709057
0.11160934393859663
0.11164284716393028
0.11114867974264746
0.11030850442231924
0.10930878952588292
0.10831581234692815
0.10745973210114827
0.10682646816039601
0.10645593478142515
0.10634547979295036
0.10645758074343709
0.10673066941385242
0.10709153607567483
0.10746748202670767
0.10779649480197835
0.1080342064380398
0.10815708386949832
0.1081619931391173
0.10806283370763255
0.10788528139101199
0.10766078930085743
0.10742089934642511
0.10719266650050832
0.10699566465749268
0.10684069918823447
0.10673005913847385
0.10665894217604352
0.10661759188064257
0.1065936889354148
0.10657460837882106
0.10654926297745915
0.1065093710617272
0.10645009710463946
0.1063701040241671
0.10627112246974602
0.10615718277467606
0.10603367091024854
0.10590636363289195
0.10578057444471851
0.10566050628893099
0.10554886480744832
0.10544674319848235
0.10535375144493878
0.1052683332195659
0.10518819599534851
0.10511077492983366
0.10503365818484572
0.10495491800565884
0.10487331441024204
0.10478836251073985
0.10470027633700478
0.10460981848631257
0.10451809422675455
0.10442633050794364
0.10433567562796078
0.10424704592307708
0.1041610340773574
0.10407788175616763
0.10399750911472043
0.10391958655610967
0.1038436304477607
0.10376910424415793
0.10369550900833811
0.10362245177629362
0.10354968556209979
0.10347712011158401
0.10340480701401565
0.1033329059630399
0.1032616405859652
0.1031912523619816
0.10312195996612081
0.10305392929375322
0.10298725689585707
0.10292196703740204
0.10285802045873352
0.10279533143570534
0.10273378902283502
0.10267327841161472
0.10261369901404142
0.10255497698115634
0.10249707114515055
0.10243997259816782
0.10238369910386641
0.10232828616090615
0.1022737767603422
0.10222021173290112
0.10216762215374971
0.1021160246797132
0.10206542006183929
0.10201579451467618
0.10196712321211007
0.10191937495930932
0.10187251706408428
0.1018265195694477
0.10178135826118369
0.10173701616890829
0.10169348357738953
0.10165075680887756
0.10160883619599839
0.10156772372670309
0.10152742081405336
0.10148792654437538
0.1014492366159625
0.10141134302774066
0.10137423444063345
0.10133789703402857
0.10130231562655363
0.10126747482537524
0.10123336000416594
0.10119995797371424
0.1011672572852734
0.10113524818003941
0.10110392225652486
0.10107327196355363
0.10104329003777783
0.10101396899332495
0.10098530074324502
0.10095727639554875
0.10092988622875901
0.10090311981980356
0.10087696627533625
0.1008514145081915
0.10082645350313495
0.10080207252788044
0.10077826126279699
0.1007550098417736
0.10073230881371838
0.10071014904648846
0.10068852160133075
0.10066741760609584
0.10064682815061203
0.1006267442194252
0.10060715666766491
0.10058805623699958
0.10056943360195879
0.10055127943315625
0.1005335844633036
0.1005163395439306
0.10049953568458261
0.10048316407093123
0.100467216062715
0.10045168317593707
0.1004365570558225
0.10042182944754421
0.10040749217085734
0.10039353710293518
0.10037995617139125
0.10036674135721037
0.10035388470550476
0.10034137834091492
0.10032921448416457
0.10031738546667411
0.10030588374103831
0.10029470188632279
0.10028383260827438
0.10027326873545843
0.10026300321290185
0.10025302909498865
0.10024333953916693
0.10023392780157746
0.10022478723513922
0.10021591129005229
0.1002072935162166
0.1001989275667791
0.10019080720193581
0.10018292629221201
0.1001752788206675
0.1001678588837649
0.10016066069092602
0.10015367856303298
0.10014690693027169
0.10014034032975652
0.10013397340332493
0.10012780089577594
0.10012181765368182
0.1001160186247588
0.10011039885766843
0.1001049535020537
0.10009967780859595
0.10009456712890541
0.1000896169151173
0.10008482271913743
0.10008018019155261
0.10007568508027526
0.10007133322902458
0.1000671205757526
0.10006304315110863
0.10005909707700492
0.10005527856531117
0.10005158391666986
0.10004800951939781
0.10004455184842673
0.10004120746423138
0.10003797301170449
0.10003484521895117
0.10003182089599608
0.10002889693341058
0.10002607030088234
0.10002333804575306
0.10002069729155252
0.10001814523655055
0.10001567915234096
0.1000132963824626
0.10001099434105369
0.1000087705115307
0.10000662244528026
0.10000454776035236
0.10000254414014685
0.10000060933208828
0.0999987411462899
0.09999693745421027
0.09999519618730882
0.09999351533570848
0.09999189294687127
0.0999903271242931
0.09998881602622015
0.09998735786438773
0.09998595090278072
0.09998459345641292
0.09998328389012308
0.09998202061738466
0.09998080209912803
0.09997962684257475
0.09997849340008427
0.0999774003680143
0.09997634638559706
0.09997533013383289
0.09997435033440308
0.09997340574860282
0.09997249517629522
0.09997161745488578
0.09997077145831713
0.09996995609608383
0.09996917031226529
0.09996841308457781
0.09996768342344392
0.09996698037107968
0.09996630300060005
0.09996565041514212
0.09996502174700707
0.0999644161568205
0.09996383283271212
0.09996327098951398
0.0999627298679777
0.09996220873401024
0.09996170687792783
0.09996122361372779
0.0999607582783779
0.09996031023112262
0.09995987885280651
0.09995946354521415
0.09995906373042639
0.09995867885019301
0.09995830836532184
0.09995795175508318
0.09995760851663081
0.09995727816443788
0.09995696022974847
0.099956654260044
0.09995635981852427
0.09995607648360276
0.09995580384841606
0.09995554152034701
0.09995528912056113
0.09995504628355638
0.09995481265672562
0.09995458789993189
0.09995437168509601
0.09995416369579621
0.09995396362687985
0.09995377118408641
0.0999535860836823
0.09995340805210592
0.09995323682562442
0.09995307215000009
0.0999529137801676
0.09995276147992087
0.09995261502160965
0.09995247418584571
0.09995233876121815
0.09995220854401764
0.09995208333796961
0.09995196295397572
0.0999518472098637
0.09995173593014535
0.09995162894578218
0.09995152609395877
0.09995142721786371
0.09995133216647728
0.09995124079436656
0.09995115296148684
0.09995106853299025
0.09995098737904011
0.0999509093746319
0.09995083439942007
0.09995076233755064
0.0999506930774998
0.09995062651191745
0.09995056253747649
0.0999505010547272
0.09995044196795634
0.09995038518505153
0.0999503306173698
0.09995027817961119
0.09995022778969635
0.09995017936864872
0.09995013284048043
0.09995008813208266
0.09995004517311938
0.0999500038959253
0.09994996423540703
0.09994992612894786
0.09994988951631613
0.09994985433957651
0.09994982054300479
0.09994978807300534
0.09994975687803188
0.09994972690851095
0.09994969811676795
0.09994967045695634
0.09994964388498867
0.09994961835847109
0.09994959383663903
0.09994957028029637
0.09994954765175597
0.09994952591478311
0.09994950503454014
0.09994948497753404
0.09994946571156527
0.09994944720567872
0.09994942943011666
0.09994941235627296
0.09994939595664966
0.0999493802048143
0.09994936507535973
0.09994935054386483
0.09994933658685669
0.0999493231817747
0.09994931030693517
0.09994929794149837
0.09994928606543556
0.0999492746594982
0.09994926370518796
0.09994925318472783
0.0999492430810344
0.09994923337769107
0.09994922405892259
0.09994921510956996
0.09994920651506704
0.09994919826141734
0.09994919033517224
0.0999491827234096
0.0999491754137135
0.09994916839415464
0.0999491616532714
0.09994915518005179
0.09994914896391595
0.0999491429946993
0.09994913726263663
0.09994913175834624
0.0999491264728153
0.09994912139738536
0.09994911652373856
0.09994911184388439
0.09994910735014689
0.09994910303515232
0.09994909889181756
0.09994909491333848
0.09994909109317927
0.09994908742506184
0.09994908390295572
0.09994908052106849
0.09994907727383627
0.09994907415591489
0.09994907116217135
0.09994906828767527
0.09994906552769138
0.09994906287767127
0.09994906033324671
0.09994905789022202
0.09994905554456758
0.09994905329241326
0.09994905113004209
0.09994904905388437
0.09994904706051157
0.09994904514663122
0.0999490433090811
0.09994904154482444
0.09994903985094482
0.09994903822464139
0.0999490366632245
0.09994903516411108
0.0999490337248206
0.09994903234297095
0.09994903101627454
0.09994902974253468
0.09994902851964185
0.09994902734557028
0.09994902621837468
0.09994902513618707
0.09994902409721378
0.0999490230997322
0.09994902214208841
0.09994902122269414
0.09994902034002424
0.09994901949261441
0.09994901867905831
0.0999490178980058
0.09994901714816032
0.09994901642827693
0.0999490157371602
0.09994901507366243
0.0999490144366814
0.09994901382515904
0.09994901323807912
0.09994901267446613
0.09994901213338325
0.09994901161393108
0.09994901111524603
0.09994901063649889
0.09994901017689353
0.09994900973566556
0.09994900931208096
0.09994900890543512
0.0999490085150515
0.0999490081402804
0.09994900778049816
0.09994900743510599
0.09994900710352886
0.09994900678521484
0.09994900647963394
0.09994900618627729
0.0999490059046564
0.0999490056343022
0.09994900537476438
0.0999490051256106
0.09994900488642576
0.09994900465681135
0.09994900443638476
0.09994900422477868
0.09994900402164042
0.09994900382663141
0.09994900363942659
0.09994900345971389
0.09994900328719365
0.09994900312157834
0.09994900296259168
0.09994900280996862
0.09994900266345463
0.09994900252280534
0.09994900238778617
0.09994900225817185
0.0999490021337462
0.09994900201430165
0.09994900189963893
0.09994900178956667
0.09994900168390122
0.09994900158246628
0.09994900148509256
0.09994900139161757
0.09994900130188525
0.09994900121574583
0.09994900113305559
0.09994900105367642
0.09994900097747585
0.09994900090432664
0.09994900083410668
0.09994900076669867
0.09994900070199016
0.099949000639873
0.09994900058024347
0.09994900052300204
0.0999490004680531
0.09994900041530488
0.09994900036466929
0.09994900031606163
0.09994900026940086
0.09994900022460897
0.09994900018161115
0.09994900014033557
0.09994900010071324
0.09994900006267801