0.3136158863049004
0.11163205852941263
0.10595765352531679
0.10347138865914217
0.10233123829297441
0.10179318703831822
0.10152251504115754
0.10136990406577326
0.10127000674539016
0.1011945335651334
0.10113125268124007
0.10107482727405395
0.10102287371193816
0.1009742763968265
0.10092846852674356
0.10088512470073949
0.10084402903288009
0.10080501817076053
0.1007679563737298
0.10073272437102206
0.10069921417963291
0.1006673265251209
0.10063696941836858
0.10060805726112577
0.10058051020626428
0.10055425365137086
0.10052921781066453
0.10050533733926001
0.10048255099664716
0.10046080134204799
0.10044003445701324
0.10042019969195404
0.10040124943402218
0.10038313889418785
0.10036582591165925
0.1003492707740141
0.10033343605159382
0.1003182864448667
0.1003037886435981
0.10028991119678604
0.10027662439242117
0.10026390014622477
0.10025171189859962
0.10024003451910239
0.10022884421781066
0.10021811846301781
0.10020783590474064
0.10019797630357166
0.10018852046445105
0.10017945017497042
0.10017074814785575
0.10016239796730726
0.10015438403890208
0.10014669154279056
0.10013930638994031
0.10013221518120252
0.10012540516899376
0.10011886422140351
0.1001125807885533
0.10010654387104752
0.10010074299036778
0.10009516816107614
0.10008980986470105
0.10008465902519173
0.10007970698583347
0.10007494548752616
0.10007036664833487
0.10006596294422848
0.10006172719092807
0.10005765252679326
0.10005373239667982
0.10004996053670553
0.10004633095986774
0.10004283794245851
0.10003947601122747
0.10003623993124647
0.10003312469443269
0.10003012550869024
0.10002723778763259
0.10002445714085097
0.10002177936469708
0.10001920043354809
0.10001671649152717
0.10001432384465204
0.10001201895338742
0.10000979842557747
0.1000076590097374
0.10000559758868306
0.1000036111734801
0.1000016968976948
0.09999985201192924
0.09999807387862598
0.09999635996712701
0.09999470784897292
0.09999311519342995
0.09999157976323225
0.09999009941052768
0.09998867207301695
0.09998729577027544
0.09998596860024818
0.09998468873590907
0.09998345442207598
0.09998226397237338
0.09998111576633516
0.09998000824664043
0.0999789399164757
0.09997790933701699
0.09997691512502567
0.09997595595055293
0.09997503053474673
0.09997413764775709
0.09997327610673393
0.09997244477391388
0.09997164255479106
0.09997086839636812
0.09997012128548369
0.09996940024721236
0.09996870434333417
0.0999680326708698
0.09996738436067885
0.09996675857611789
0.09996615451175589
0.09996557139214379
0.09996500847063658
0.09996446502826438
0.09996394037265137
0.0999634338369796
0.09996294477899605
0.09996247258006086
0.09996201664423499
0.09996157639740522
0.09996115128644546
0.09996074077841192
0.09996034435977157
0.09995996153566147
0.09995959182917853
0.09995923478069779
0.0999588899472179
0.09995855690173332
0.09995823523263132
0.099957924543113
0.09995762445063759
0.09995733458638857
0.09995705459476084
0.09995678413286838
0.09995652287007095
0.0999562704875196
0.09995602667771965
0.09995579114411113
0.09995556360066492
0.09995534377149529
0.09995513139048681
0.09995492620093582
0.09995472795520599
0.09995453641439668
0.09995435134802416
0.09995417253371522
0.09995399975691198
0.09995383281058838
0.09995367149497725
0.09995351561730756
0.09995336499155184
0.09995321943818296
0.09995307878394002
0.09995294286160326
0.09995281150977704
0.09995268457268114
0.09995256189994997
0.0999524433464388
0.09995232877203782
0.09995221804149232
0.09995211102423031
0.09995200759419587
0.09995190762968904
0.09995181101321132
0.0999517176313172
0.0999516273744705
0.0999515401369068
0.0999514558165001
0.099951374314635
0.09995129553608287
0.09995121938888321
0.09995114578422874
0.09995107463635494
0.09995100586243356
0.09995093938246995
0.09995087511920392
0.09995081299801449
0.09995075294682786
0.09995069489602855
0.09995063877837415
0.0999505845289126
0.09995053208490284
0.09995048138573803
0.09995043237287164
0.09995038498974616
0.09995033918172416
0.0999502948960222
0.09995025208164658
0.09995021068933166
0.09995017067148054
0.09995013198210718
0.09995009457678143
0.09995005841257516
0.09995002344801099
0.09994998964301223
0.09994995695885503
0.09994992535812193
0.09994989480465734
0.09994986526352388
0.09994983670096133
0.09994980908434602
0.09994978238215207
0.09994975656391421
0.09994973160019124
0.0999497074625314
0.09994968412343862
0.09994966155633998
0.09994963973555433
0.09994961863626205
0.09994959823447576
0.09994957850701199
0.099949559431464
0.09994954098617548
0.09994952315021514
0.09994950590335205
0.099949489226032
0.09994947309935465
0.09994945750505149
0.09994944242546425
0.09994942784352458
0.09994941374273403
0.09994940010714479
0.09994938692134114
0.09994937417042163
0.09994936183998163
0.09994934991609662
0.09994933838530615
0.09994932723459814
0.0999493164513938
0.09994930602353315
0.09994929593926083
0.09994928618721267
0.09994927675640251
0.09994926763620947
0.0999492588163657
0.09994925028694464
0.09994924203834951
0.09994923406130234
0.09994922634683323
0.09994921888626998
0.09994921167122842
0.09994920469360244
0.09994919794555482
0.09994919141950834
0.09994918510813701
0.09994917900435767
0.09994917310132198
0.0999491673924084
0.09994916187121486
0.0999491565315513
0.09994915136743253
0.09994914637307169
0.09994914154287331
0.09994913687142719
0.09994913235350204
0.09994912798403972
0.09994912375814925
0.09994911967110151
0.09994911571832367
0.09994911189539396
0.09994910819803693
0.09994910462211826
0.09994910116364024
0.09994909781873722
0.09994909458367124
0.09994909145482775
0.09994908842871152
0.0999490855019426
0.09994908267125287
0.09994907993348172
0.09994907728557302
0.09994907472457139
0.09994907224761894
0.09994906985195205
0.09994906753489823
0.09994906529387304
0.09994906312637726
0.0999490610299941
0.09994905900238633
0.09994905704129385
0.09994905514453085
0.09994905330998372
0.09994905153560835
0.09994904981942794
0.09994904815953086
0.0999490465540684
0.09994904500125266
0.09994904349935466
0.09994904204670235
0.09994904064167857
0.09994903928271957
0.0999490379683129
0.09994903669699597
0.09994903546735417
0.09994903427801964
0.09994903312766928
0.09994903201502367
0.09994903093884536
0.09994902989793764
0.0999490288911431
0.09994902791734246
0.09994902697545317
0.09994902606442822
0.09994902518325512
0.09994902433095458
0.0999490235065795
0.09994902270921394
0.09994902193797192
0.09994902119199678
0.0999490204704598
0.09994901977255961
0.0999490190975211
0.09994901844459464
0.09994901781305515
0.09994901720220147
0.09994901661135534
0.09994901603986095
0.09994901548708382
0.09994901495241039
0.09994901443524723
0.09994901393502041
0.09994901345117481
0.09994901298317355
0.09994901253049726
0.09994901209264384
0.09994901166912745
0.09994901125947829
0.09994901086324194
0.09994901047997888
0.09994901010926407
0.09994900975068642
0.09994900940384815
0.09994900906836474
0.09994900874386417
0.09994900842998665
0.09994900812638416
0.0999490078327201
0.099949007548669
0.09994900727391592
0.0999490070081563
0.09994900675109564
0.09994900650244894
0.09994900626194068
0.09994900602930434
0.09994900580428212
0.0999490055866246
0.09994900537609068
0.09994900517244706
0.09994900497546812
0.09994900478493562
0.09994900460063846
0.09994900442237253
0.0999490042499403
0.0999490040831508
0.09994900392181925
0.099949003765767
0.0999490036148212
0.09994900346881468
0.09994900332758568
0.09994900319097791
0.09994900305884001
0.09994900293102565
0.09994900280739341
0.09994900268780625
0.09994900257213185
0.09994900246024212
0.09994900235201318
0.09994900224732518
0.0999490021460623
0.09994900204811236
0.09994900195336698
0.09994900186172123
0.09994900177307373
0.09994900168732633
0.09994900160438405
0.09994900152415521
0.09994900144655096
0.09994900137148542
0.09994900129887543
0.09994900122864074
0.0999490011607036
0.0999490010949888
0.09994900103142366
0.09994900096993779
0.09994900091046319
0.09994900085293405
0.09994900079728666
0.09994900074345954
0.09994900069139306
0.09994900064102967
0.09994900059231361
0.09994900054519099
0.09994900049960964
0.09994900045551923
0.0999490004128709
0.09994900037161751
0.09994900033171336
0.09994900029311442
0.09994900025577788
0.0999490002196625
0.09994900018472837
0.09994900015093675
0.0999490001182503
0.09994900008663292
0.09994900005604955
0.09994900002646646
0.09994899999785084
0.0999489999701711
0.09994899994339661
0.09994899991749778
0.09994899989244592
0.09994899986821335
0.09994899984477328
0.09994899982209977
0.09994899980016776
0.09994899977895301
0.09994899975843202
0.09994899973858212
0.09994899971938137
0.0999489997008085
0.09994899968284301
0.09994899966546505
0.09994899964865535
0.09994899963239537
0.09994899961666709
0.09994899960145318
0.09994899958673677
0.09994899957250158
0.0999489995587319
0.09994899954541252
0.09994899953252864
0.09994899952006608
0.09994899950801106
0.09994899949635022
0.09994899948507072
0.09994899947416003
0.09994899946360612
0.0999489994533973
0.09994899944352231
0.09994899943397023
0.0999489994247305
0.09994899941579287
0.09994899940714748
0.09994899939878485
0.09994899939069564
0.0999489993828709
0.09994899937530201
0.09994899936798066
0.09994899936089865
0.09994899935404825
0.09994899934742182
0.09994899934101206
0.09994899933481188
0.09994899932881444
0.09994899932301309
0.09994899931740145
0.09994899931197326
0.09994899930672259
0.09994899930164358
0.09994899929673064
0.09994899929197834
0.09994899928738141
0.0999489992829348
0.09994899927863359
0.09994899927447301
0.09994899927044844
0.09994899926655547
0.0999489992627898
0.09994899925914724
0.09994899925562375
0.09994899925221551
0.09994899924891867
0.09994899924572966
0.09994899924264489
0.09994899923966098
0.09994899923677464
0.09994899923398269
0.09994899923128196
0.0999489992286696
0.0999489992261426
0.09994899922369825
0.09994899922133381
0.09994899921904664
0.09994899921683432
0.09994899921469429
0.09994899921262423
0.09994899921062185
0.09994899920868497
0.09994899920681134