1.1529658560313312
0.558705086204725
0.3023789773197891
0.22882759182657111
0.20108402314881618
0.18668171430340938
0.17737341221032954
0.170540229349703
0.1651441368887559
0.16068780997366341
0.15689751305170319
0.1536070461301141
0.15070773228483328
0.14812415675565488
0.14580141397109164
0.14369798073068435
0.14178150970909084
0.14002621386994607
0.13841115899284898
0.13691909975067382
0.13553565665554862
0.1342487162074863
0.1330479828486404
0.13192463752859204
0.13087107315744018
0.1298806867408625
0.12894771407219086
0.12806709687403703
0.12723437501366405
0.12644559831942015
0.12569725387904054
0.12498620568026549
0.12430964417411931
0.12366504387728706
0.12305012753397937
0.1224628356653031
0.12190130057069266
0.12136382402944149
0.12084885809386313
0.12035498847867805
0.11988092014093643
0.11942546471644723
0.11898752953627101
0.1185661079933855
0.11816027106746539
0.1177691598466278
0.11739197891036943
0.11702799045885097
0.11667650909102409
0.11633689714852014
0.11600856055427054
0.11569094508493058
0.11538353302468102
0.1150858401551646
0.11479741304239637
0.11451782658666139
0.11424668180582492
0.11398360382625096
0.11372824005876345
0.11348025853986597
0.1132393464208379
0.11300520858939868
0.11277756641043267
0.11255615657382873
0.11234073003885016
0.11213105106563885
0.11192689632549586
0.11172805408249266
0.11153432343976545
0.11134551364455055
0.11116144344663803
0.11098194050546992
0.1108068408415943
0.11063598832861554
0.11046923422216456
0.11030643672275084
0.11014746056966097
0.1099921766633396
0.10984046171392704
0.10969219791384663
0.10954727263252637
0.10940557813151325
0.10926701129839518
0.10913147339808514
0.1089988698401488
0.10886910996097096
0.10874210681965923
0.10861777700667596
0.10849604046427445
0.10837682031789193
0.10826004271772001
0.10814563668973784
0.10803353399554975
0.10792366900042079
0.1078159785489523
0.10771040184788187
0.10760688035553273
0.1075053576774722
0.10740577946797378
0.10730809333690663
0.10721224876170378
0.10711819700408678
0.10702589103124709
0.10693528544120647
0.10684633639209822
0.10675900153512882
0.1066732399509977
0.10658901208956599
0.1065062797125823
0.10642500583928341
0.10634515469470297
0.10626669166053059
0.10618958322837432
0.10611379695529025
0.1060393014214507
0.10596606618983066
0.1058940617678013
0.10582325957052462
0.105753631886051
0.10568515184202745
0.10561779337392968
0.105551531194737
0.1054863407659731
0.1054221982700417
0.10535908058378923
0.10529696525323062
0.10523583046937973
0.10517565504512676
0.10511641839311085
0.10505810050453736
0.10500068192889284
0.10494414375451372
0.10488846758996635
0.10483363554619916
0.10477963021942958
0.1047264346747304
0.1046740324302823
0.10462240744226095
0.1045715440903289
0.1045214271637041
0.10447204184777832
0.1044233737112598
0.10437540869381709
0.10432813309420008
0.1042815335588177
0.1042355970707516
0.10419031093918586
0.10414566278923523
0.1041016405521537
0.1040582324559071
0.10401542701609393
0.10397321302719931
0.10393157955416817
0.10389051592428322
0.10385001171933633
0.10381005676807906
0.10377064113894251
0.10373175513301412
0.10369338927726147
0.10365553431799246
0.10361818121454276
0.1035813211331811
0.10354494544122314
0.10350904570134689
0.10347361366610007
0.10343864127259288
0.10340412063736883
0.10337004405144591
0.10333640397552252
0.10330319303534112
0.10327040401720347
0.10323802986363237
0.10320606366917356
0.10317449867633291
0.10314332827164358
0.10311254598185891
0.10308214547026524
0.10305212053311136
0.10302246509614982
0.10299317321128568
0.10296423905332944
0.10293565691685021
0.10290742121312506
0.10287952646718161
0.10285196731493046
0.10282473850038412
0.10279783487295943
0.10277125138486076
0.10274498308854078
0.10271902513423656
0.10269337276757806
0.10266802132726673
0.10264296624282161
0.10261820303239098
0.10259372730062702
0.10256953473662137
0.10254562111189987
0.1025219822784743
0.10249861416694898
0.10247551278468098