0.46299554997339
0.4605037745886478
0.4569872011840721
0.45258833253582986
0.44744319070852595
0.4416797676275536
0.4354169451507657
0.4287638055063432
0.42181926644417844
0.41467198591161036
0.4074004888862029
0.4000734747544319
0.3927502679436295
0.38548137797528653
0.3783091381801792
0.37126839532787126
0.36438722555821423
0.3576876553163628
0.3511863694447562
0.34489539207414344
0.33882272935389784
0.3329729662447243
0.3273478124614288
0.32194659512890234
0.3167666977650576
0.3118039468263573
0.30705294826684426
0.3025073774105157
0.29816022597054564
0.2940040103226408
0.2900309452084497
0.2862330869590495
0.28260245013256474
0.27913110119127216
0.2758112325322606
0.2726352198552379
0.2695956655188212
0.2666854302149578
0.26389765498824186
0.2612257753478062
0.2586635289667068
0.2562049582380337
0.25384440875784103
0.25157652463104363
0.24939624134581387
0.2472987768326031
0.2452796212134745
0.24333452565378158
0.2414594906492563
0.23965075401533598
0.2379047787902988
0.23621824121789833
0.23458801893729778
0.23301117947696526
0.231484969123752
0.23000680221770156
0.22857425090645916
0.22718503537978746
0.22583701459408276
0.22452817748844398
0.22325663468737555
0.2220206106802624
0.22081843646405921
0.21964854263295405
0.21850945289690032
0.21739977800969856
0.21631821008661964
0.21526351729128218
0.2142345388715369
0.21323018052440068
0.21224941007055623
0.21129125341954696
0.21035479080750816
0.20943915329005205
0.20854351947374522
0.2076671124704571
0.20680919705970496
0.2059690770449608
0.20514609279071186
0.20433961892786587
0.2035490622158699
0.202773859550652
0.20201347610820677
0.2012674036143199
0.20053515873156652
0.19981628155532186
0.199110334211092
0.19841689954600777
0.19773557990782414
0.1970659960052409
0.19640778584379556
0.19576060373199106
0.1951241193527044
0.19449801689527596
0.19388199424401137
0.19327576221913828
0.19267904386654292
0.19209157379288144
0.19151309754290466
0.19094337101606595