0.8125788973457564
0.8089315122026776
0.8053087602310305
0.8017105548209763
0.7981368078007341
0.7945874294612331
0.7910623285812886
0.787561412453285
0.7840845869093453
0.7806317563479674
0.7772028237611113
0.7737976907617118
0.7704162576116016
0.7670584232498224
0.7637240853213014
0.7604131402058762
0.7571254830476445
0.7538610077846155
0.7506196071786481
0.7474011728456457
0.744205595285993
0.74103276391521
0.7378825670948008
0.7347548921632787
0.7316496254673417
0.7285666523931812
0.7255058573978977
0.7224671240410081
0.7194503350160165
0.7164553721820326
0.7134821165954142
0.7105304485414159
0.7076002475658189
0.7046913925065259
0.7018037615251012
0.6989372321382328
0.6960916812491007
0.6932669851786324
0.6904630196966249
0.6876796600527167
0.6849167810071932
0.6821742568616053
0.6794519614891866
0.676749768365054
0.6740675505961707
0.6714051809510634
0.6687625318892728
0.6661394755905254
0.6635358839836141
0.6609516287749709
0.6583865814769215
0.6558406134356102
0.6533135958585781
0.6508053998419906
0.6483158963974985
0.6458449564787242
0.6433924510073629
0.6409582508988907
0.6385422270878703
0.6361442505528457
0.6337641923408207
0.631401923591311
0.6290573155599675
0.6267302396417607
0.6244205673937246
0.6221281705572532
0.6198529210799448
0.6175946911369934
0.6153533531521194
0.6131287798180409
0.6109208441164807
0.6087294193377077
0.6065543790996117
0.6043955973663104
0.6022529484662873
0.6001263071100613
0.5980155484073886
0.5959205478839948
0.5938411814978429
0.5917773256549322
0.5897288572246381
0.5876956535545861
0.5856775924850693
0.5836745523630078
0.5816864120554553
0.5797130509626561
0.5777543490306543
0.575810186763461
0.5738804452347834
0.5719650060993186
0.5700637516036188
0.5681765645965309
0.5663033285392168
0.5644439275147582
0.5625982462373538
0.5607661700611108
0.5589475849884397
0.5571423776780555
0.5553504354525954
0.5535716463058523