0.5636499464857658
0.29307558900978004
0.19601761911916224
0.1712429378256644
0.16369662163136492
0.1589307248840035
0.15350824563218785
0.14698053252655943
0.13976068569867994
0.1324433966703113
0.12555541749174529
0.1194716183845327
0.11440726591876302
0.11044451792245881
0.10756895865997756
0.10570245756661671
0.10472635441432593
0.1044948374375972
0.10484260241539226
0.10559283762923606
0.10656973352112384
0.10761455681835963
0.10860012930304824
0.10943887529489048
0.11008310909895277
0.11051935815463064
0.11075962048015509
0.11083206213449871
0.11077276524418572
0.11061930785865488
0.11040636023540079
0.11016311440878923
0.10991218205200748
0.10966955217947634
0.10944524317679452
0.10924435924675119
0.10906832812308935
0.10891613989234196
0.10878543730086838
0.10867334656879048
0.10857699437166952
0.10849372316620799
0.10842107496140628
0.10835664701288303
0.10829792613750447
0.1082421861980459
0.10818649646165195
0.10812784859469612
0.1080633763301106
0.1079906200194938
0.10790778037553561
0.10781391067074701
0.10770901127745798
0.10759401035257496
0.10747063515920048
0.10734119610265169
0.10720831739056091
0.10707465312705888
0.10694262584981803
0.10681421734856071
0.10669083105358435
0.10657323352545431
0.10646157156286085
0.1063554526270253
0.10625407048668438
0.10615635543513743
0.10606112883846436
0.10596724452434764
0.10587370383080348
0.10577973619996126
0.10568484230445943
0.10558880126010901
0.10549164710824564
0.10539362221876256
0.10529511650339433
0.1051966014066565
0.10509856673317562
0.10500146672341827
0.10490567969459755
0.10481148331737977
0.10471904547646316
0.10462842888892751
0.10453960638374363
0.10445248305412855
0.10436692137623409
0.10428276576699225
0.10419986380233313
0.10411808227703066
0.10403731729787109
0.10395749852039965
0.10387858836009604
0.10380057747112804
0.10372347797663287
0.10364731588172031
0.10357212386184722
0.10349793526846289
0.10342477980622239
0.10335268097695866
0.10328165510228376
0.10321171155472268
0.10314285375093599
0.10307508047657109
0.10300838719549787
0.10294276711622037
0.1028782119154194
0.10281471212861847
0.10275225729494057
0.10269083598020456
0.10263043580209352
0.10257104355123108
0.10251264545492515
0.10245522757918485
0.10239877632090466
0.1023432789139523
0.10228872386412863
0.10223510123811307
0.10218240275655555
0.10213062167511455
0.10207975247233954
0.10202979039329388
0.10198073091781792
0.10193256922975528
0.10188529975820146
0.10183891584593946
0.10179340957732241
0.10174877177230852
0.10170499212943263
0.1016620594817358
0.10161996211832879
0.10157868812116132
0.10153822567113382
0.10149856328823274
0.10145968998452184
0.10142159532397162
0.10138426939687512
0.10134770272714942
0.1013118861370876
0.10127681059585376
0.10124246707567279
0.10120884643427552
0.10117593933503441
0.10114373620872814
0.10111222725419099
0.10108140247009663
0.10105125170724033
0.10102176472995653
0.1009929312764359
0.10096474111014278
0.10093718405764054
0.10091025003127685
0.10088392903785957
0.10085821117633365
0.10083308662841883
0.10080854564623958
0.10078457854035933
0.10076117567058414
0.10073832744071327
0.10071602429732594
0.10069425673188091
0.10067301528495466
0.10065229055134939
0.10063207318500182
0.10061235390300265
0.10059312348847788
0.1005743727924755
0.10055609273527157
0.10053827430762001
0.10052090857242917
0.10050398666718634
0.10048749980722924
0.10047143928973477
0.10045579649811567
0.10044056290641509
0.10042573008328134
0.10041128969518234
0.10039723350865624
0.10038355339155831
0.10037024131342227
0.10035728934517589
0.10034468965851676
0.10033243452526504
0.10032051631696062
0.10030892750488898
0.1002976606606138
0.10028670845699081
0.10027606366955279
0.10026571917810038
0.10025566796831369
0.1002459031332134
0.10023641787433943
0.1002272055025682
0.10021825943854816
0.10020957321278368
0.10020114046543434
0.10019295494591629
0.1001850105123945
0.1001773011312412
0.10016982087651516
0.10016256392948922
0.10015552457822909