0.721255276299376
0.329647487589751
0.21168995358039042
0.18036324065261697
0.16485419338373988
0.1512656256403867
0.13888764286575495
0.12887424690529514
0.12169865970871549
0.11705469603066466
0.11427367602776282
0.11266993206831087
0.11171075173233694
0.11105409671398896
0.11051768034102234
0.11002611242178442
0.10956191876115003
0.10913064167131058
0.10874095125079157
0.10839637799163261
0.10809417299971277
0.10782742513258944
0.10758784173464479
0.10736786906902433
0.10716176937439371
0.10696580802992854
0.10677790413740766
0.10659708406052912
0.1064229682777417
0.10625540038908181
0.10609423582520547
0.10593925775122201
0.10579017185821218
0.10564663690721399
0.10550830173147886
0.10537483364554488
0.10524593383313781
0.10512134138047013
0.10500082998019052
0.10488420132410296
0.10477127809877021
0.1046618981795031
0.10455591055270944
0.1044531728350591
0.10435354996399812
0.1042569135936252
0.10416314182232624
0.10407211901197747
0.10398373557857855
0.10389788771827553
0.10381447707917844
0.10373341040680194
0.10365459919068787
0.10357795933154175
0.10350341083856095
0.10343087755892635
0.10336028693672772
0.10329156979659115
0.1032246601471369
0.10315949500022371
0.10309601420306039
0.10303416028128198
0.10297387829182839
0.1029151156849081
0.1028578221745449
0.10280194961727115
0.10274745189852678
0.10269428482629542
0.10264240603149179
0.10259177487461364
0.1025423523581896
0.10249410104458508
0.10244698497876538
0.10240096961565244
0.10235602175174652
0.10231210946071681
0.10226920203268969
0.10222726991698788
0.10218628466809246
0.1021462188946177
0.10210704621110367
0.10206874119244573
0.10203127933079323
0.10199463699476122
0.101958791390811
0.10192372052666457
0.1018894031766282
0.10185581884870928
0.10182294775341778
0.10179077077415274
0.1017592694390788
0.1017284258944068
0.10169822287899567
0.10166864370020039
0.10163967221089446
0.10161129278760073
0.10158349030966762
0.1015562501394338
0.1015295581033256
0.10150340047383674
0.10147776395234226
0.10145263565270178
0.10142800308560988
0.10140385414365419
0.1013801770870434
0.10135696052997117
0.10133419342758217
0.10131186506350963
0.1012899650379554
0.10126848325628487
0.10124740991811108
0.10122673550684312
0.10120645077967681
0.10118654675800483
0.10116701471822673
0.10114784618293876
0.10112903291248589
0.1011105668968584
0.10109244034791641
0.1010746456919277
0.10105717556240336
0.10104002279321807
0.10102318041200126
0.10100664163378749
0.10099039985491373
0.10097444864715222
0.1009587817520692
0.10094339307559834
0.10092827668282026
0.10091342679293838
0.10089883777444317
0.10088450414045592
0.10087042054424508
0.10085658177490671
0.10084298275320325
0.10082961852755289
0.1008164842701639
0.10080357527330733
0.10079088694572252
0.10077841480915042
0.1007661544949883
0.1007541017410623
0.10074225238851182
0.10073060237878198
0.10071914775071965
0.10070788463776859
0.10069680926526028
0.10068591794779637
0.10067520708671895
0.10066467316766599
0.10065431275820734
0.10064412250555987
0.10063409913437713
0.1006242394446115
0.10061454030944633
0.10060499867329459
0.10059561154986207
0.10058637602027302
0.10057728923125507
0.10056834839338197
0.10055955077937163
0.10055089372243785
0.10054237461469306
0.10053399090560124
0.10052574010047799
0.1005176197590376
0.10050962749398362
0.10050176096964318
0.10049401790064201
0.10048639605062008
0.10047889323098522
0.10047150729970417
0.10046423616012964
0.100457077759862
0.10045003008964429
0.10044309118229003
0.10043625911164178
0.10042953199156031
0.1004229079749428
0.1004163852527693
0.10040996205317654
0.10040363664055797
0.10039740731468946
0.10039127240987979
0.10038523029414462
0.10037927936840411
0.10037341806570241
0.10036764485044906
0.10036195821768135
0.10035635669234669
0.10035083882860513
0.10034540320915024
0.10034004844454901
0.10033477317259923
0.1003295760577041
0.10032445579026417
0.10031941108608461
0.10031444068579912
0.10030954335430843
0.10030471788023382
0.10029996307538509
0.10029527777424238
0.10029066083345128
0.10028611113133126
0.10028162756739681
0.1002772090618905
0.10027285455532858
0.1002685630080578
0.10026433339982348
0.10026016472934865
0.10025605601392384
0.10025200628900692
0.10024801460783321
0.10024408004103523
0.10024020167627173
0.1002363786178662
0.10023260998645396
0.10022889491863818
0.1002252325666541
0.10022162209804154
0.1002180626953254
0.10021455355570384
0.10021109389074377
0.10020768292608401
0.1002043199011453
0.10020100406884737
0.10019773469533254
0.10019451105969603
0.10019133245372251
0.10018819818162904
0.1001851075598136
0.10018205991661007
0.10017905459204843
0.10017609093762064
0.10017316831605216
0.10017028610107825
0.100167443677226
0.10016464043960069
0.10016187579367762
0.10015914915509821
0.10015645994947098
0.10015380761217683
0.10015119158817892
0.10014861133183642
0.100146066306723
0.10014355598544877
0.10014107984948654
0.10013863738900171
0.10013622810268617
0.10013385149759538
0.10013150708898957
0.10012919440017812
0.10012691296236706
0.10012466231451064
0.10012244200316514
0.10012025158234666
0.10011809061339148
0.10011595866481955
0.10011385531220095
0.10011178013802494
0.10010973273157231
0.1001077126887899
0.10010571961216784
0.10010375311061981
0.10010181279936523
0.10009989829981426
0.10009800923945511
0.1000961452517438
0.10009430597599592
0.10009249105728077
0.10009070014631799
0.10008893289937563
0.1000871889781711
0.10008546804977347
0.10008376978650811
0.10008209386586325
0.10008043997039826
0.100078807787654
0.10007719701006482
0.10007560733487225
0.10007403846404082
0.10007249010417496
0.10007096196643805
0.10006945376647287
0.10006796522432361
0.10006649606435944
0.1000650460151997
0.10006361480964036
0.10006220218458213
0.10006080788095965
0.10005943164367251
0.10005807322151726
0.10005673236712083
0.10005540883687526
0.10005410239087373
0.10005281279284771
0.10005153981010552
0.10005028321347162
0.10004904277722763
0.10004781827905407
0.10004660949997342
0.10004541622429412
0.10004423823955558
0.10004307533647444
0.1000419273088918
0.10004079395372115
0.10003967507089764
0.10003857046332805
0.10003747993684182
0.10003640330014298
0.1000353403647629
0.10003429094501384
0.1000332548579437
0.10003223192329122
0.10003122196344207
0.10003022480338594
0.10002924027067435
0.100028268195379
0.10002730841005114
0.10002636074968155
0.10002542505166129
0.10002450115574316
0.10002358890400388
0.10002268814080666
0.10002179871276502
0.10002092046870673
0.10002005325963859
0.10001919693871181
0.10001835136118811
0.10001751638440629
0.10001669186774946
0.10001587767261269
0.10001507366237156
0.1000142797023509
0.10001349565979434
0.10001272140383419
0.10001195680546207
0.10001120173749982
0.10001045607457106
0.1000097196930732
0.10000899247114997
0.10000827428866435
0.10000756502717202
0.10000686456989526
0.10000617280169721
0.10000548960905692
0.10000481488004404
0.1000041485042951
0.10000349037298902
0.10000284037882383
0.10000219841599349
0.10000156438016507
0.10000093816845643
0.10000031967941417
0.09999970881299201
0.09999910547052962
0.09999850955473155
0.09999792096964685
0.09999733962064865
0.09999676541441439
0.09999619825890635
0.09999563806335221
0.09999508473822633
0.09999453819523105
0.0999939983472784
0.09999346510847214
0.09999293839409004
0.09999241812056658
0.09999190420547555
0.09999139656751355
0.09999089512648315
0.09999039980327669
0.0999899105198603
0.09998942719925812
0.0999889497655366
0.09998847814378946
0.09998801226012247
0.09998755204163884
0.09998709741642453
0.09998664831353413
0.09998620466297638
0.09998576639570085
0.09998533344358382
0.09998490573941522
0.09998448321688515
0.09998406581057097
0.09998365345592462
0.09998324608925992
0.09998284364774007
0.09998244606936572
0.09998205329296272
0.09998166525817048
0.09998128190543011
0.09998090317597322
0.09998052901181051
0.09998015935572065
0.09997979415123949
0.09997943334264914
0.09997907687496742
0.09997872469393763
0.09997837674601794
0.0999780329783716
0.09997769333885685
0.09997735777601705
0.09997702623907123
0.09997669867790436
0.09997637504305823
0.09997605528572207
0.09997573935772353
0.09997542721151977
0.09997511880018868
0.09997481407742013
0.09997451299750748
0.09997421551533933
0.09997392158639096
0.09997363116671631
0.09997334421294016
0.09997306068224988
0.09997278053238781
0.09997250372164362
0.09997223020884667
0.09997195995335866
0.09997169291506616
0.09997142905437362
0.09997116833219592
0.0999709107099517
0.09997065614955625
0.0999704046134147
0.09997015606441549
0.09996991046592361
0.09996966778177412
0.09996942797626578
0.0999691910141547
0.09996895686064816
0.09996872548139846
0.09996849684249678
0.09996827091046745
0.09996804765226187
0.09996782703525282
0.0999676090272288
0.09996739359638832
0.09996718071133448
0.09996697034106937
0.09996676245498887
0.09996655702287728
0.09996635401490203
0.09996615340160869
0.09996595515391572
0.09996575924310969
0.09996556564084012
0.09996537431911483
0.09996518525029503
0.09996499840709067
0.09996481376255575
0.09996463129008379
0.0999644509634033
0.09996427275657326
0.09996409664397879
0.09996392260032691
0.09996375060064212
0.09996358062026224
0.0999634126348344
0.09996324662031073
0.09996308255294452
0.09996292040928617
0.09996276016617929
0.09996260180075683
0.09996244529043727
0.09996229061292092
0.09996213774618613
0.09996198666848574
0.09996183735834348
0.09996168979455022
0.09996154395616082
0.09996139982249044
0.09996125737311114
0.09996111658784872
0.09996097744677912
0.09996083993022548
0.09996070401875468
0.09996056969317424
0.09996043693452931
0.09996030572409946
0.09996017604339562
0.09996004787415716
0.09995992119834891
0.0999597959981583
0.09995967225599231
0.09995954995447486
0.09995942907644381
0.09995930960494838
0.09995919152324628
0.09995907481480108
0.0999589594632796
0.09995884545254927
0.09995873276667551
0.09995862138991925
0.09995851130673448
0.09995840250176556
0.09995829495984503