0.11749999219149296
0.1267895372043447
0.12479596506874667
0.11976082715868148
0.11562767437868175
0.11304299144730333
0.11165755071176774
0.11096381817411707
0.11058260917848657
0.11031233822409008
0.11007283128790492
0.10984029187832416
0.10961010236296574
0.10938234998541904
0.1091576505438536
0.10893632586292266
0.10871843804629026
0.10850394719631946
0.10829280732081342
0.10808499296023477
0.10788049402779686
0.10767930628781888
0.10748142615298781
0.10728684907233714
0.10709556932555317
0.1069075800895747
0.10672287348260052
0.10654144057317722
0.10636327137661125
0.10618835484933428
0.1060166788846298
0.1058482303105474
0.10568299488978178
0.10552095732106036
0.10536210124178472
0.10520640923190255
0.10505386281908735
0.10490444248530147
0.10475812767479138
0.10461489680354055
0.10447472727019157
0.10433759546844242
0.1042034768009165
0.10407234569450297
0.10394417561716
0.10381893909617101
0.10369660773783883
0.1035771522485997
0.10346054245753364
0.10334674734024452
0.10323573504407778
0.10312747291463924
0.10302192752357542
0.10291906469756883
0.1028188495485004
0.10272124650472447
0.10262621934339856
0.10253373122380731
0.1024437447216135
0.10235622186396827
0.10227112416540705
0.10218841266445618
0.10210804796087082
0.10202999025342341
0.10195419937815854
0.10188063484702894
0.10180925588682493
0.10174002147830886
0.10167289039546466
0.10160782124477269
0.10154477250441918
0.10148370256334976
0.10142456976007844
0.10136733242116215
0.10131194889925485
0.10125837761065455
0.10120657707226063
0.10115650593786056
0.10110812303366745
0.10106138739303429
0.10101625829027293
0.10097269527351069
0.1009306581965208
0.10089010724946766
0.10085100298851173
0.10081330636422482
0.10077697874876995
0.1007419819618057
0.10070827829508001
0.10067583053568362
0.10064460198793783
0.10061455649389738
0.1005856584524536
0.10055787283702866
0.10053116521185591
0.10050550174684773
0.10048084923105498
0.10045717508472841
0.10043444736999607
0.10041263480017505
0.10039170674773965
0.10037163325097259
0.10035238501932822
0.10033393343754068
0.10031625056851316
0.10029930915502569
0.10028308262030394
0.10026754506749025
0.10025267127806288
0.10023843670924942
0.10022481749048236
0.10021179041894508
0.10019933295425866
0.10018742321235859
0.10017603995861205
0.10016516260022705
0.100154771178002
0.10014484635746691
0.10013536941946509
0.10012632225022385
0.1001176873309618
0.10010944772708004
0.10010158707698127
0.10009408958056272
0.10008693998742417
0.10008012358483305
0.10007362618548617
0.10006743411510584
0.10006153419990664
0.10005591375396831
0.10005056056654592
0.10004546288935001
0.10004060942382509
0.10003598930845391
0.10003159210611338
0.10002740779150647
0.10002342673869145
0.10001963970872967
0.10001603783747043
0.10001261262349022
0.10000935591620197
0.10000625990414885
0.10000331710349437
0.10000052034672133
0.09999786277154864
0.09999533781007491
0.09999293917815685
0.09999066086502761
0.09998849712316152
0.09998644245838885
0.09998449162026343
0.09998263959268647
0.09998088158478696
0.09997921302206021
0.09997762953776393
0.09997612696457142
0.09997470132648059
0.09997334883097685
0.0999720658614474
0.09997084896984408
0.099969694869592
0.09996860042873924
0.09996756266334511
0.09996657873110099
0.09996564592518084
0.09996476166831571
0.09996392350708726
0.09996312910643582
0.09996237624437727
0.09996166280692355
0.09996098678320128
0.09996034626076353
0.09995973942108838
0.09995916453525977
0.09995861995982418
0.09995810413281855
0.09995761556996313
0.09995715286101453
0.09995671466627351
0.09995629971324155
0.09995590679342227
0.09995553475926142
0.09995518252122085
0.09995484904498188
0.09995453334877262
0.09995423450081525
0.09995395161688758
0.09995368385799613
0.0999534304281544
0.09995319057226361
0.09995296357409111
0.09995274875434253
0.09995254546882393
0.09995235310669007
0.09995217108877535
0.09995199886600371
0.09995183591787413
0.0999516817510186
0.09995153589782936
0.09995139791515224
0.09995126738304322
0.09995114390358543
0.09995102709976394
0.09995091661439577
0.09995081210911193
0.0999507132633904
0.0999506197736365
0.09995053135230886
0.0999504477270893
0.09995036864009374
0.09995029384712315
0.09995022311695136
0.09995015623064969
0.09995009298094498
0.0999500331716105
0.09994997661688762
0.09994992314093702
0.09994987257731783
0.09994982476849353
0.09994977956536304
0.0999497368268159
0.09994969641931055
0.09994965821647409
0.09994962209872278
0.09994958795290257
0.09994955567194774
0.09994952515455749
0.09994949630488954
0.09994946903226952
0.09994944325091555
0.09994941887967732
0.09994939584178886
0.09994937406463404
0.09994935347952473
0.09994933402149059
0.09994931562907954
0.09994929824416933
0.09994928181178864
0.09994926627994796
0.09994925159947905
0.09994923772388342
0.09994922460918841
0.09994921221381106
0.09994920049842937
0.09994918942586026
0.09994917896094407
0.09994916907043527
0.09994915972289899
0.09994915088861293
0.09994914253947504
0.09994913464891529
0.09994912719181301
0.0999491201444182
0.09994911348427717
0.09994910719016216
0.0999491012420049
0.09994909562083351
0.09994909030871292
0.09994908528868851
0.09994908054473291
0.09994907606169524
0.09994907182525374
0.09994906782187031
0.09994906403874798
0.09994906046379054
0.09994905708556424
0.09994905389326157
0.09994905087666743
0.09994904802612634
0.09994904533251224
0.09994904278719943
0.0999490403820352
0.09994903810931406
0.09994903596175324
0.09994903393246961
0.09994903201495775
0.09994903020306946
0.09994902849099388
0.09994902687323942
0.09994902534461593
0.09994902390021851
0.09994902253541157
0.09994902124581427
0.0999490200272865
0.09994901887591573
0.09994901778800444
0.09994901676005843
0.09994901578877557
0.09994901487103532
0.09994901400388882
0.09994901318454935
0.09994901241038345
0.09994901167890258
0.09994901098775516
0.09994901033471894
0.09994900971769398
0.09994900913469597
0.09994900858384977
0.09994900806338346
0.09994900757162271
0.09994900710698532
0.09994900666797626
0.09994900625318283
0.0999490058612701
0.09994900549097667
0.09994900514111063
0.09994900481054575
0.09994900449821778
0.09994900420312111
0.09994900392430564
0.09994900366087349
0.09994900341197638
0.0999490031768126
0.09994900295462482
0.0999490027446973
0.09994900254635386
0.09994900235895557
0.09994900218189863
0.0999490020146126
0.09994900185655849
0.099949001707227
0.09994900156613698
0.09994900143283368
0.09994900130688758
0.09994900118789268
0.09994900107546549
0.09994900096924363
0.09994900086888471
0.09994900077406524
0.09994900068447948
0.0999490005998387
0.09994900051987006
0.0999490004443156
0.09994900037293179
0.09994900030548849
0.09994900024176818
0.09994900018156545
0.09994900012468613
0.09994900007094679
0.09994900002017412
0.09994899997220441
0.09994899992688297
0.09994899988406358
0.09994899984360812
0.09994899980538617
0.0999489997692744
0.09994899973515636
0.09994899970292198
0.09994899967246729
0.09994899964369401
0.09994899961650934
0.09994899959082562
0.09994899956655998
0.09994899954363408
0.09994899952197406
0.09994899950150993
0.09994899948217573
0.09994899946390907
0.099948999446651
0.0999489994303459
0.099948999414941
0.09994899940038679
0.0999489993866362
0.09994899937364485
0.09994899936137086
0.09994899934977464
0.0999489993388187
0.09994899932846776
0.09994899931868838
0.09994899930944905
0.09994899930071986
0.0999489992924727
0.09994899928468097
0.09994899927731948
0.0999489992703645
0.09994899926379358
0.0999489992575855
0.09994899925172027
0.09994899924617892
0.09994899924094355
0.0999489992359973
0.09994899923132418
0.09994899922690913
0.09994899922273792
0.09994899921879702
0.09994899921507376
0.0999489992115561
0.09994899920823269
0.09994899920509284
0.09994899920212637
0.09994899919932371
0.09994899919667584
0.09994899919417419
0.09994899919181068
0.09994899918957771
0.09994899918746807
0.0999489991854749
0.09994899918359182
0.09994899918181273
0.09994899918013188
0.09994899917854388
0.09994899917704356
0.09994899917562608
0.0999489991742869
0.09994899917302169
0.09994899917182631
0.09994899917069698
0.09994899916963003
0.09994899916862199
0.0999489991676696
0.09994899916676983
0.09994899916591975
0.0999489991651166
0.09994899916435782
0.09994899916364096
0.0999489991629637
0.09994899916232378
0.09994899916171923
0.09994899916114805
0.09994899916060845
0.09994899916009864
0.099948999159617
0.09994899915916193
0.09994899915873201
0.09994899915832582
0.09994899915794209
0.09994899915757953
0.099948999157237
0.09994899915691337
0.09994899915660763
0.09994899915631879
0.09994899915604587
0.09994899915578805
0.09994899915554445
0.0999489991553143
0.09994899915509688
0.09994899915489147
0.09994899915469738
0.09994899915451401
0.09994899915434081
0.09994899915417713
0.0999489991540225
0.09994899915387644
0.09994899915373841
0.099948999153608
0.09994899915348482
0.09994899915336841
0.09994899915325847
0.09994899915315458
0.09994899915305641
0.0999489991529637
0.0999489991528761
0.09994899915279334
0.09994899915271512
0.09994899915264124
0.09994899915257144
0.0999489991525055
0.09994899915244317
0.09994899915238431
0.09994899915232872
0.09994899915227617
0.09994899915222653
0.09994899915217964
0.09994899915213531
0.09994899915209347
0.09994899915205392
0.09994899915201656
0.09994899915198126
0.09994899915194791
0.0999489991519164
0.09994899915188661
0.09994899915185851
0.09994899915183195
0.09994899915180683
0.09994899915178314
0.09994899915176073
0.09994899915173955
0.09994899915171952
0.09994899915170065
0.09994899915168279
0.09994899915166594
0.09994899915165001
0.09994899915163494
0.09994899915162073
0.09994899915160727
0.09994899915159457
0.09994899915158258
0.09994899915157125
0.09994899915156055
0.09994899915155044
0.09994899915154087
0.09994899915153184
0.09994899915152332
0.09994899915151527
0.09994899915150765
0.09994899915150046
0.09994899915149366
0.09994899915148725
0.09994899915148117
0.09994899915147545
0.09994899915147004
0.0999489991514649
0.09994899915146005
0.09994899915145551
0.0999489991514512
0.09994899915144713
0.09994899915144326
0.09994899915143964
0.09994899915143621
0.09994899915143296
0.09994899915142988
0.099948999151427
0.09994899915142427
0.09994899915142168
0.09994899915141921
0.0999489991514169
0.09994899915141472
0.09994899915141264
0.09994899915141073
0.09994899915140887
0.09994899915140715
0.0999489991514055
0.09994899915140397
0.09994899915140247
0.0999489991514011
0.09994899915139979
0.09994899915139854
0.09994899915139739
0.0999489991513963
0.09994899915139523
0.09994899915139425
0.09994899915139331
0.09994899915139244
0.09994899915139163
0.09994899915139083
0.09994899915139008
0.0999489991513894
0.09994899915138872
0.09994899915138811
0.09994899915138751
0.09994899915138694
0.09994899915138641
0.09994899915138591
0.09994899915138544
0.09994899915138504
0.09994899915138458
0.0999489991513842
0.09994899915138382
0.09994899915138349
0.09994899915138312
0.09994899915138278
0.09994899915138253
0.09994899915138222
0.09994899915138196
0.09994899915138172
0.09994899915138149
0.09994899915138124
0.09994899915138107
0.09994899915138084
0.09994899915138063
0.09994899915138046
0.09994899915138031
0.09994899915138011
0.09994899915138
0.09994899915137986
0.0999489991513797
0.09994899915137957
0.09994899915137946
0.09994899915137936
0.09994899915137924
0.09994899915137913
0.09994899915137906
0.09994899915137896
0.09994899915137888
0.0999489991513788
0.09994899915137873
0.09994899915137866
0.09994899915137856
0.0999489991513785
0.09994899915137843
0.09994899915137838
0.09994899915137832
0.09994899915137827
0.09994899915137824
0.09994899915137818
0.09994899915137816
0.0999489991513781
0.09994899915137809
0.09994899915137802
0.099948999151378
0.09994899915137796
0.09994899915137792
0.09994899915137789
0.09994899915137787
0.09994899915137785
0.09994899915137782
0.0999489991513778
0.09994899915137778
0.09994899915137775
0.09994899915137771
0.09994899915137773
0.0999489991513777
0.0999489991513777
0.09994899915137768
0.09994899915137766
0.09994899915137764
0.09994899915137762
0.0999489991513776
0.0999489991513776
0.0999489991513776
0.09994899915137756
0.09994899915137759
0.09994899915137756
0.09994899915137755
0.09994899915137755
0.09994899915137755
0.09994899915137752
0.09994899915137753
0.09994899915137753
0.0999489991513775
0.09994899915137752
0.09994899915137749
0.09994899915137752
0.09994899915137748
0.09994899915137749
0.09994899915137749
0.09994899915137748
0.09994899915137749
0.09994899915137748
0.09994899915137749
0.09994899915137748
0.09994899915137746
0.09994899915137745
0.09994899915137746
0.09994899915137745
0.09994899915137745
0.09994899915137745
0.09994899915137745
0.09994899915137745
0.09994899915137745
0.09994899915137745
0.09994899915137745
0.09994899915137744
0.09994899915137742
0.09994899915137745
0.09994899915137745
0.09994899915137742
0.09994899915137745
0.09994899915137742
0.09994899915137741
0.09994899915137745
0.09994899915137741
0.09994899915137742
0.09994899915137745
0.09994899915137741
0.0999489991513774
0.09994899915137742
0.09994899915137742
0.09994899915137742
0.09994899915137741
0.0999489991513774
0.09994899915137741
0.09994899915137742
0.09994899915137742
0.09994899915137744
0.09994899915137742
0.09994899915137742
0.09994899915137742
0.0999489991513774
0.09994899915137742
0.09994899915137742
0.09994899915137742
0.0999489991513774
0.09994899915137742
0.09994899915137741
0.0999489991513774
0.0999489991513774
0.09994899915137742
0.09994899915137741
0.0999489991513774
0.09994899915137742
0.0999489991513774
0.09994899915137742
0.09994899915137742
0.09994899915137741
0.09994899915137741
0.09994899915137741
0.09994899915137744
0.09994899915137742
0.0999489991513774
0.0999489991513774
0.0999489991513774
0.09994899915137738
0.09994899915137742
0.09994899915137742
0.09994899915137737
0.0999489991513774
0.0999489991513774
0.09994899915137742
0.09994899915137742
0.09994899915137741
0.09994899915137742
0.09994899915137742
0.0999489991513774
0.09994899915137742
0.09994899915137742
0.0999489991513774
0.09994899915137742
0.09994899915137742
0.09994899915137741
0.09994899915137742
0.0999489991513774
0.0999489991513774
0.09994899915137742
0.09994899915137742
0.0999489991513774
0.09994899915137741
0.0999489991513774
0.09994899915137742
0.0999489991513774
0.09994899915137742
0.0999489991513774
0.0999489991513774
0.0999489991513774
0.0999489991513774
0.09994899915137742
0.09994899915137741
0.09994899915137742
0.09994899915137742
0.09994899915137741
0.09994899915137745
0.09994899915137742
0.0999489991513774
0.09994899915137745
0.09994899915137742
0.0999489991513774
0.09994899915137737
0.09994899915137745
0.0999489991513774
0.09994899915137742
0.0999489991513774
0.09994899915137737
0.09994899915137742
0.09994899915137738
0.0999489991513774
0.09994899915137742
0.09994899915137742
0.09994899915137742
0.09994899915137741
0.0999489991513774
0.09994899915137742
0.09994899915137742
0.09994899915137741
0.09994899915137742
0.0999489991513774
0.0999489991513774
0.09994899915137741
0.0999489991513774
0.09994899915137742
0.09994899915137742
0.09994899915137741
0.09994899915137741
0.0999489991513774
0.0999489991513774
0.0999489991513774
0.0999489991513774
0.0999489991513774
0.09994899915137741
0.09994899915137741
0.0999489991513774
0.09994899915137738
0.0999489991513774
0.0999489991513774
0.0999489991513774
0.0999489991513774
0.09994899915137742
0.0999489991513774
0.0999489991513774
0.0999489991513774
0.09994899915137742
0.0999489991513774
0.09994899915137741
0.0999489991513774
0.0999489991513774
0.09994899915137742
0.09994899915137741
0.0999489991513774
0.09994899915137741
0.09994899915137742
0.09994899915137741
0.09994899915137741
0.09994899915137738
0.09994899915137742
0.0999489991513774
0.09994899915137742
0.0999489991513774
0.0999489991513774
0.09994899915137741
0.09994899915137742
0.0999489991513774
0.0999489991513774
0.0999489991513774
0.09994899915137742
0.09994899915137742
0.09994899915137742
0.09994899915137741
0.09994899915137742
0.09994899915137742
0.0999489991513774
0.09994899915137744
0.09994899915137742
0.09994899915137741
0.09994899915137738
0.09994899915137742
0.09994899915137742
0.0999489991513774
0.09994899915137741
0.09994899915137741
0.09994899915137741
0.09994899915137741
0.0999489991513774
0.09994899915137742
0.0999489991513774
0.09994899915137742
0.0999489991513774
0.09994899915137738
0.09994899915137741
0.09994899915137738
0.0999489991513774
0.0999489991513774
0.09994899915137742
0.0999489991513774
0.0999489991513774
0.0999489991513774
0.09994899915137744
0.0999489991513774
0.0999489991513774
0.09994899915137742
0.0999489991513774
0.09994899915137742
0.09994899915137738
0.09994899915137741
0.09994899915137741
0.0999489991513774
0.0999489991513774
0.0999489991513774
0.0999489991513774
0.0999489991513774
0.0999489991513774
0.09994899915137741
0.09994899915137741
0.0999489991513774
0.09994899915137742
0.09994899915137742
0.0999489991513774
0.0999489991513774
0.09994899915137741
0.09994899915137738
0.0999489991513774
0.09994899915137741
0.09994899915137741
0.09994899915137741
0.09994899915137741
0.09994899915137741
0.09994899915137741
0.09994899915137744
0.09994899915137744
0.0999489991513774
0.09994899915137742
0.0999489991513774
0.09994899915137742
0.09994899915137742
0.0999489991513774
0.09994899915137741
0.0999489991513774
0.09994899915137741
0.09994899915137741
0.09994899915137738
0.0999489991513774
0.0999489991513774
0.0999489991513774
0.09994899915137742
0.09994899915137742
0.09994899915137742
0.0999489991513774
0.09994899915137741
0.0999489991513774
0.09994899915137742
0.09994899915137742
0.09994899915137742
0.0999489991513774
0.09994899915137742
0.0999489991513774
0.0999489991513774
0.09994899915137742
0.09994899915137741
0.09994899915137742
0.0999489991513774
0.09994899915137742
0.09994899915137741