0.8425329007576261
0.8391191800976697
0.8357198713110121
0.8323349784701602
0.8289645053578957
0.8256084554603936
0.8222668319602141
0.8189396377291741
0.8156268753211068
0.8123285469645116
0.8090446545551055
0.8057751996482796
0.8025201834514686
0.7992796068164435
0.7960534702315294
0.7928417738137628
0.7896445173009902
0.7864617000439209
0.7832933209981394
0.7801393787160875
0.7769998713390229
0.7738747965889664
0.7707641517606415
0.7676679337134208
0.7645861388632841
0.7615187631747997
0.7584658021531385
0.7554272508361263
0.7524031037863489
0.7493933550833166
0.7463979983156971
0.743417026573628
0.7404504324411151
0.7374982079885313
0.7345603447652193
0.7316368337922105
0.7287276655550707
0.7258328299968781
0.7229523165113458
0.7200861139360942
0.7172342105460877
0.7143965940472363
0.7115732515701805
0.708764169664257
0.7059693342916628
0.703188730821819
0.7004223440259458
0.6976701580718547
0.6949321565189659
0.6922083223135553
0.689498637784243
0.6868030846377252
0.6841216439547563
0.6814542961863899
0.6788010211504821
0.6761617980284624
0.6735366053623772
0.670925421052213
0.6683282223534992
0.6657449858751996
0.6631756875778917
0.6606203027722402
0.658078806117767
0.65555117162192
0.6530373726394411
0.6505373818720406
0.6480511713683736
0.6455787125243244
0.643119976083595
0.6406749321386026
0.6382435501316859
0.6358257988566138
0.6334216464604067
0.6310310604454575
0.6286540076719623
0.6262904543606482
0.6239403660958084
0.6216037078286291
0.6192804438808163
0.6169705379485148
0.6146739531065155
0.6123906518127498
0.6101205959130651
0.6078637466462798
0.6056200646495101
0.6033895099637661
0.6011720420398119
0.5989676197442844
0.5967762013660646
0.594597744622896
0.5924322066682457
0.5902795440983986
0.5881397129597826
0.5860126687565155
0.5838983664581667
0.5817967605077285
0.5797078048297895
0.5776314528389014
0.5755676574481353
0.5735163710778148
0.5714775456644253
0.5694511326696848
0.5674370830897741
0.5654353474647159
0.5634458758878946
0.5614686180157125
0.5595035230773691
0.5575505398847601
0.5556096168424869
0.5536807019579683
0.5517637428516453
0.5498586867672749
0.5479654805823011
0.5460840708182977
0.5442144036514742
0.5423564249232378
0.5405100801508026
0.5386753145378409
0.5368520729851668
0.5350403001014452
0.5332399402139211
0.5314509373791583
0.5296732353937859
0.5279067778052378
0.5261515079224883
0.5244073688267686
0.5226743033822625
0.520952254246773
0.5192411638823561
0.5175409745659114
0.5158516283997284
0.5141730673219795
0.5125052331171563
0.5108480674264413
0.5092015117580126
0.507565507497276
0.5059399959170164
0.5043249181874694
0.5027202153863033
0.5011258285085108
0.49954169847620444
0.49796776614831195
0.4964039723301688
0.49485025778300273
0.49330656323330824
0.49177282938210654
0.4902489969140896
0.4887350065066423
0.48723079883874415
0.48573631459974376
0.4842514944980069
0.48277627926943345
0.48131060968584294
0.479854426563226
0.4784076707698599
0.47697028323428625
0.47554220495315
0.4741233769988986
0.4727137405273385
0.47131323678505094
0.4699218071166625
0.46853939297197233
0.4671659359129346
0.46580137762049556
0.4644456599012846
0.4630987246941594
0.4617605140766053
0.4604309702709881
0.4591100356506608
0.45779765274592454
0.4564937642498441
0.45519831302391806
0.4539112421036037
0.4526324947036983
0.45136201422357725
0.4500997442522885
0.4488456285735051
0.44759961117033825
0.4463616362300081
0.44513164814837697
0.4439095915343448
0.4426954112141066
0.441489052235276
0.4402904598708738
0.4390995796231831
0.4379163572274751
0.4367407386556026
0.4355726701194665
0.434412098074355
0.4332589692221573
0.4321132305144541
0.43097482915548524
0.4298437126049975
0.4287198285809737
0.42760312506224485
0.4264935502909871
0.42539105277510436
0.42429558129050093
0.4232070848832435
0.4221255128716144
0.42105081484806006
0.41998294068103426
0.41892184051673914
0.41786746478076586
0.416819764179636
0.41577868970224635
0.4147441926212188
0.4137162244941575
0.41269473716481336
0.41167968276416056
0.4106710137113848
0.4096686827147861
0.4086726427725976
0.40768284717372183
0.40669924949838826
0.40572180361873067
0.404750463699289
0.4037851841974358
0.4028259198637299
0.40187262574219956
0.40092525717055416
0.3999837697803298
0.39904811949696795
0.39811826253983024
0.39719415542214975
0.3962757549509214
0.39536301822673353
0.3944559026435409
0.3935543658883817
0.3926583659410393
0.3917678610736521
0.39088280985027035
0.3900031711263639
0.3891289040482808
0.38825996805265867
0.38739632286579084
0.3865379285029474
0.3856847452676543
0.38483673375092964
0.38399385483048154
0.38315606966986493
0.38232333971760263
0.38149562670626924
0.38067289265154025
0.37985509985120686
0.37904221088415885
0.37823418860933605
0.37743099616464854
0.3766325969658689
0.37583895470549605
0.3750500333515922
0.37426579714659314
0.3734862106060956
0.372711238517619
0.3719408459393454
0.3711749981988374
0.3704136608917356
0.3696567998804355
0.3689043812927457
0.3681563715205291
0.36741273721832485
0.3666734453019557
0.36593846294711924
0.3652077575879646
0.3644812969156549
0.3637590488769173
0.36304098167258
0.3623270637560977
0.3616172638320673
0.3609115508547318
0.3602098940264757
0.35951226279631104
0.3588186268583564
0.35812895615030627
0.35744322085189595
0.356761391383358
0.3560834384038739
0.35540933281002113
0.35473904573421416
0.35407254854314196
0.35340981283620304
0.3527508104439353
0.3520955134264448
0.35144389407183213
0.35079592489461675
0.35015157863416024
0.34951082825308893
0.34887364693571643
0.34824000808646477
0.34760988532828824
0.3469832525010961
0.34636008366017734
0.3457403530746268
0.3451240352257731
0.34451110480560915
0.34390153671522466
0.3432953060632416
0.34269238816425324
0.34209275853726623
0.34149639290414596
0.34090326718806735
0.34031335751196834
0.33972664019700843
0.339143091761032
0.33856268891703695
0.3379854085716477
0.3374112278235942
0.3368401239621964
0.3362720744658546
0.3357070570005453
0.33514504941832396
0.33458602975583357
0.3340299762328199
0.33347686725065345
0.33292668139085835
0.3323793974136476
0.33183499425646634
0.3312934510325415
0.3307547470294394
0.3302188617076308
0.32968577469906274
0.32915546580573934
0.32862791499830935
0.3281031024146623
0.3275810083585319
0.3270616132981081
0.32654489786465785
0.3260308428511521
0.3255194292109033
0.32501063805621005
0.32450445065701033
0.32400084843954374
0.32349981298502145
0.3230013260283055
0.3225053694565958
0.3220119253081273
0.32152097577087413
0.32103250318126386
0.32054649002289953
0.320062918925291
0.3195817726625956
0.3191030341523659
0.3186266864543088
0.31815271276905116
0.3176810964369157
0.3172118209367054
0.316744869884497
0.31628022703244274
0.31581787626758173
0.3153578016106598
0.3148999872149587
0.31444441736513334
0.3139910764760589
0.3135399490916859
0.313091019883905
0.3126442736514195
0.31219969531862823
0.31175726993451536
0.3113169826715508
0.31087881882459795
0.3104427638098309
0.31000880316366053
0.3095769225416684
0.30914710771754994
0.30871934458206657
0.3082936191420054
0.30786991751914866
0.3074482259492506
0.3070285307810236
0.3066108184751322
0.3061950756031963
0.3057812888468017
0.30536944499651997
0.3049595309509361
0.3045515337156842
0.30414544040249214
0.3037412382282336
0.30333891451398887
0.302938456684113
0.3025398522653131
0.30214308888573244
0.3017481542740431
0.30135503625854665
0.30096372276628286
0.30057420182214495
0.3001864615480043
0.2998004901618416
0.29941627597688686
0.29903380740076524
0.2986530729346529
0.2982740611724376
0.2978967607998896
0.29752116059383726
0.2971472494213523
0.2967750162389409
0.2964044500917428
0.29603554011273703
0.29566827552195557
0.29530264562570335
0.2949386398157859
0.2945762475687435
0.294215458445093
0.2938562620885758
0.2934986482254128
0.29314260666356673
0.2927881272920106
0.29243520008000323
0.29208381507637127
0.2917339624087975
0.2913856322831166
0.2910388149826162
0.2906935008673456
0.29034968037342934
0.29000734401238937
0.2896664823704708
0.2893270861079761
0.2889891459586042
0.2886526527287966
0.28831759729708856
0.28798397061346714
0.28765176369873513
0.2873209676438804
0.2869915736094516
0.2866635728249396
0.2863369565881645
0.28601171626466865
0.28568784328711533
0.2853653291546927
0.2850441654325237
0.2847243437510814
0.28440585580560995
0.28408869335555026
0.2837728482239726
0.2834583122970126
0.28314507752331425
0.28283313591347675
0.28252247953950804
0.2822131005342818
0.28190499109100126
0.28159814346266626
0.28129254996154773
0.28098820295866406
0.28068509488326526
0.2803832182223205
0.28008256552001015
0.2797831293772245
0.27948490245106444
0.27918787745434975
0.27889204715512983
0.2785974043761999
0.27830394199462233
0.27801165294125146
0.27772053020026327
0.2774305668086901
0.27714175585595885
0.276854090483434
0.2765675638839652
0.27628216930143873
0.27599790003033314
0.2757147494152798
0.2754327108506261
0.27515177778000527
0.27487194369590734
0.2745932021392564
0.27431554669899105
0.2740389710116484
0.27376346876095264
0.2734890336774077
0.2732156595378924
0.27294334016526145
0.27267206942794847
0.2724018412395735
0.2721326495585546
0.27186448838772187
0.27159735177393685
0.27133123380771385
0.27106612862284607
0.27080203039603457
0.270538933346521
0.27027683173572326
0.27001571986687617
0.26975559208467326
0.2694964427749138
0.2692382663641523
0.2689810573193514
0.268724810147538
0.2684695193954631
0.26821517964926406
0.2679617855341307
0.2677093317139742
0.267457812891099
0.2672072238058785
0.26695755923643266
0.26670881399830976
0.2664609829441702
0.26621406096347405
0.2659680429821709
0.26572292396239344
0.2654786989021523
0.2652353628350361