0.597736125540228
0.425511614304133
0.3477486139886843
0.30381644138634983
0.27502452727106025
0.2543928542473133
0.2387239045395299
0.22632988753413297
0.21622712586452036
0.20779929191872828
0.2006383798419696
0.19446235487587815
0.18906933438813725
0.18431058820111065
0.18007386376210052
0.17627267700830587
0.17283920300264968
0.16971942027200673
0.16686971160131536
0.16425443241409532
0.1618441377476595
0.15961426724485833
0.15754415484014545
0.1556162726264015
0.15381564627073577
0.15212939788745203
0.15054638483812238
0.1490569115866564
0.14765249779857065
0.14632569017845834
0.14506990863766192
0.14387931964110687
0.1427487312452523
0.1416735055774593
0.14064948543833375
0.1396729324153907
0.13874047443746274
0.13784906111685843
0.13699592555101509
0.136178551509752
0.1353946451348167
0.13464211043762164
0.13391902800819136
0.13322363645044208
0.1325543161413623
0.1319095749785922
0.13128803583550064
0.13068842548761084
0.1301095648110766
0.129550360084382
0.1290097952497394
0.1284869250117554
0.12798086866858374
0.12749080458560882
0.1270159652341981
0.12655563272862447
0.1261091348032241
0.12567584117948125
0.1252551602792413
0.12484653624582613
0.12444944623960832
0.12406339797871727
0.12368792749910323
0.12332259711125704
0.12296699353354816
0.12262072618445995
0.12228342561801805
0.12195474208846932
0.12163434423180954
0.12132191785310928
0.12101716480977419
0.12071980198191959
0.12042956032196157
0.12014618397633944
0.11986942947300447
0.11959906496894912
0.11933486955261621
0.11907663259653288
0.11882415315596263
0.1185772394097698
0.1183357081400482
0.1180993842473864
0.11786810029892948
0.11764169610665444
0.11742001833350714
0.11720292012525844
0.11699026076612398
0.11678190535636059
0.11657772451020691
0.11637759407267259
0.11618139485380584
0.11598901237918346
0.1158003366554684
0.1156152619499761
0.115433686583273
0.11525551273390996
0.11508064625446326
0.11490899649811966
0.11474047615510112
0.11457500109827884
0.11441249023737414
0.11425286538118995
0.11409605110735684
0.11394197463911596
0.11379056572869566
0.11364175654686945
0.11349548157831493
0.11335167752241652
0.11321028319918305
0.11307123945997163
0.11293448910273228
0.11279997679150548
0.11266764897992426
0.11253745383848819
0.11240934118539235
0.11228326242070848
0.11215917046372892
0.11203701969329587
0.1119167658909498
0.11179836618674245
0.11168177900756723
0.1115669640278721
0.11145388212262554
0.11134249532241608
0.11123276677057199
0.11112466068219572
0.11101814230501222
0.11091317788193858
0.11080973461528573
0.1107077806325096
0.11060728495343362
0.1105082174588679
0.11041054886055672
0.11031425067238819
0.11021929518280377
0.11012565542834997
0.11003330516831687
0.10994221886041082
0.10985237163741289
0.10976373928477552
0.10967629821911416
0.10959002546755173
0.10950489864787628
0.10942089594947507
0.10933799611500875
0.10925617842279278
0.10917542266985412
0.10909570915563249
0.10901701866629787
0.10893933245965763
0.10886263225062608
0.10878690019723318
0.10871211888714838
0.10863827132469778
0.10856534091835313
0.10849331146867315
0.10842216715667756
0.10835189253263615
0.10828247250525512
0.10821389233124482
0.10814613760525237
0.10807919425014521
0.10801304850763047
0.10794768692919716
0.1078830963673678
0.10781926396724754
0.10775617715835843
0.10769382364674832
0.10763219140736278
0.10757126867667048
0.10751104394553192
0.10745150595230193
0.1073926436761574
0.10733444633064125
0.10727690335741488
0.10722000442021082
0.10716373939897826
0.10710809838421435
0.10705307167147442
0.10699864975605392
0.10694482332783706
0.10689158326630467
0.10683892063569642
0.10678682668032137
0.10673529282001201
0.10668431064571599
0.10663387191522133
0.10658396854901012
0.10653459262623587
0.1064857363808208
0.10643739219766848
0.10638955260898811
0.10634221029072621
0.10629535805910242
0.10624898886724576
0.10620309580192797
0.10615767208039026
0.10611271104726118
0.10606820617156175
0.10602415104379541
0.10598053937311969
0.10593736498459724
0.10589462181652357
0.10585230391782847
0.10581040544554972
0.1057689206623756
0.10572784393425513
0.10568716972807282
0.10564689260938678
0.10560700724022769
0.10556750837695653
0.10552839086817997
0.1054896496527209
0.10545127975764258
0.10541327629632503
0.1053756344665917
0.10533834954888532
0.10530141690449035
0.10526483197380264
0.10522859027464235
0.10519268740061112
0.10515711901949062
0.10512188087168184
0.10508696876868406
0.10505237859161197
0.10501810628974999
0.10498414787914276
0.10495049944122051
0.10491715712145869
0.10488411712807036
0.10485137573073092
0.10481892925933382
0.1047867741027767
0.10475490670777683
0.10472332357771512
0.10469202127150809
0.10466099640250658
0.10463024563742085
0.10459976569527132
0.10456955334636382
0.10453960541128914
0.10450991875994603
0.10448049031058695
0.1044513170288862
0.10442239592702925
0.10439372406282357
0.10436529853882943
0.10433711650151099
0.1043091751404064
0.10428147168731713