0.49333333333333335
0.49333333333333335
0.49333333333333335
0.49333333333333335
0.49333333333333335
0.49333333333333335
0.49333333333333335
0.49333333333333335
0.49333333333333335
0.49333333333333335
0.49333333333333335
0.49333333333333335
0.49333333333333335
0.49333333333333335
0.5
0.5
0.5
0.5
0.5
0.5
0.5066666666666667
0.5066666666666667
0.52
0.5333333333333333
0.5466666666666666
0.5466666666666666
0.5466666666666666
0.5466666666666666
0.5466666666666666
0.5466666666666666
0.5533333333333333
0.56
0.5733333333333334
0.58
0.5866666666666667
0.5933333333333334
0.5933333333333334
0.6
0.6
0.6066666666666667
0.6133333333333333
0.6133333333333333
0.62
0.62
0.62
0.6333333333333333
0.6333333333333333
0.64
0.66
0.6666666666666666
0.6666666666666666
0.6666666666666666
0.68
0.6866666666666666
0.7
0.7
0.72
0.7333333333333333
0.7333333333333333
0.7333333333333333
0.74
0.76
0.76
0.7733333333333333
0.7866666666666666
0.8
0.8
0.8
0.8
0.82
0.8266666666666667
0.8266666666666667
0.8266666666666667
0.8266666666666667
0.8266666666666667
0.8266666666666667
0.8266666666666667
0.8266666666666667
0.8266666666666667
0.8333333333333334
0.8333333333333334
0.84
0.84
0.84
0.84
0.8533333333333334
0.8533333333333334
0.8533333333333334
0.8533333333333334
0.8533333333333334
0.8533333333333334
0.8533333333333334
0.8533333333333334
0.8533333333333334
0.8533333333333334
0.86
0.86
0.86
0.8666666666666667
0.8666666666666667