0.5416271802911209
0.3015345750559528
0.2055819915340611
0.17378080892380957
0.15986231839464113
0.14935816920790967
0.13906529371770585
0.1291315912306454
0.12038819542253877
0.11347171672768402
0.10859706889913999
0.10559539092843931
0.10405416794584936
0.10347249441381562
0.10338628168229591
0.10344507023621743
0.10343902707043012
0.10328602620380553
0.10299509102031283
0.10262319060674086
0.10223829452835287
0.10189526394103837
0.10162531076131442
0.10143600481073414
0.10131741160878655
0.10125028615484201
0.10121346622522565
0.10118899557417729
0.10116464793841706
0.1011342590869376
0.1010966151270053
0.1010536824084907
0.10100881376711976
0.10096533411956814
0.1009256760992028
0.1008910530273673
0.10086154298925251
0.10083641299540619
0.10081452110115041
0.10079467584454511
0.10077588575832608
0.10075748094999604
0.10073912429673722
0.10072074855015106
0.10070245937914304
0.10068443767369334
0.10066686260875878
0.1006498645891
0.10063350728107914
0.10061779182690216
0.1006026740052343
0.1005880856753356
0.10057395411581309
0.10056021570788488
0.10054682297941227
0.10053374585589363
0.10052096892991415
0.10050848677080577
0.10049629898564583
0.1004844061721114
0.1004728072938808
0.1004614985077643
0.10045047314794843
0.10043972243174963
0.10042923645654551
0.10041900515418041
0.10040901900255184
0.1003992694217817
0.10038974887872588
0.10038045077918933
0.10037136924500296
0.10036249886314369
0.10035383446872714
0.1003453709941389
0.10033710339076674
0.10032902661197518
0.10032113563706431
0.10031342551464215
0.10030589140762683
0.10029852862830567
0.10029133265829822
0.10028429915344496
0.1002774239369244
0.10027070298527523
0.10026413241187326
0.10025770845135844
0.10025142744708893
0.10024528584235162
0.10023928017504183
0.1002334070749357
0.10022766326248629
0.10022204554817249
0.10021655083169723
0.10021117610064552
0.10020591842849333
0.10020077497205755
0.10019574296858413
0.100190819732696
0.10018600265339052
0.10018128919121594
0.10017667687568903
0.10017216330296003
0.10016774613369363
0.10016342309111637
0.10015919195917915
0.1001550505807929
0.10015099685610895
0.10014702874082981
0.10014314424454845
0.10013934142911966
0.10013561840707198
0.10013197334006768
0.10012840443741619
0.10012490995464361
0.10012148819211825
0.1001181374937294
0.10011485624561639
0.10011164287494302
0.1001084958487147
0.10010541367263404
0.10010239488999353
0.10009943808060259
0.10009654185974894
0.10009370487719203
0.1000909258161891
0.10008820339255209
0.10008553635373517
0.1000829234779517
0.10008036357331941
0.10007785547703338
0.10007539805456496
0.10007299019888612
0.10007063082971789
0.1000683188928026
0.10006605335919799
0.10006383322459358
0.10006165750864747
0.10005952525434379
0.10005743552736943
0.10005538741550973
0.10005338002806241
0.10005141249526928
0.10004948396776456
0.10004759361604014
0.10004574062992641
0.10004392421808865
0.10004214360753791
0.10004039804315668
0.10003868678723803
0.10003700911903844
0.10003536433434337
0.10003375174504532
0.1000321706787345
0.1000306204783006
0.10002910050154609
0.100027610120811
0.10002614872260761
0.10002471570726587
0.10002331048858878
0.10002193249351721
0.10002058116180423
0.10001925594569853
0.10001795630963635
0.10001668172994234
0.10001543169453814
0.10001420570265941
0.1000130032645802
0.10001182390134519
0.10001066714450882
0.10000953253588175
0.10000841962728392
0.10000732798030461
0.10000625716606833
0.10000520676500757
0.10000417636664113
0.10000316556935855
0.1000021739802102
0.10000120121470275
0.10000024689660034
0.09999931065773043
0.09999839213779527
0.09999749098418778
0.09999660685181253
0.09999573940291129
0.0999948883068928
0.09999405324016733
0.09999323388598501
0.09999242993427869
0.09999164108151071
0.09999086703052316
0.09999010749039249
0.09998936217628746
0.09998863080933054
0.09998791311646339
0.09998720883031467
0.09998651768907228
0.09998583943635796
0.09998517382110526
0.09998452059744062
0.09998387952456722
0.09998325036665179
0.09998263289271417
0.09998202687651943
0.0999814320964728
0.09998084833551715
0.09998027538103278
0.09997971302473972
0.09997916106260253
0.09997861929473717
0.0999780875253201
0.09997756556249977
0.09997705321831014
0.09997655030858596
0.09997605665288056
0.09997557207438519
0.09997509639985042
0.09997462945950944
0.099974171087003
0.09997372111930625
0.09997327939665729
0.09997284576248722
0.09997242006335204
0.099972002148866
0.09997159187163643
0.09997118908720033
0.09997079365396211
0.09997040543313288
0.09997002428867136
0.09996965008722572
0.09996928269807698
0.09996892199308396
0.09996856784662873
0.0999682201355643
0.09996787873916245
0.09996754353906372
0.09996721441922765
0.09996689126588493
0.0999665739674899
0.0999662624146747
0.09996595650020405
0.09996565611893131
0.09996536116775522
0.09996507154557797
0.09996478715326382
0.09996450789359897
0.09996423367125215
0.09996396439273585
0.09996369996636903
0.09996344030223993
0.09996318531217022
0.09996293490967958
0.09996268900995138
0.09996244752979877
0.09996221038763184
0.09996197750342513
0.0999617487986862
0.09996152419642465
0.0999613036211218
0.09996108699870127
0.0999608742564998
0.09996066532323913
0.09996046012899813
0.09996025860518559
0.09996006068451391
0.09995986630097281
0.09995967538980405
0.09995948788747652
0.09995930373166184
0.09995912286121048
0.09995894521612836
0.0999587707375541
0.09995859936773649
0.09995843105001273
0.0999582657287868
0.09995810334950861
0.09995794385865336
0.09995778720370131
0.09995763333311825
0.09995748219633602
0.09995733374373371
0.099957187926619
0.0999570446972103
0.09995690400861865
0.09995676581483051
0.0999566300706907
0.09995649673188581
0.09995636575492758
0.09995623709713725
0.09995611071662962
0.09995598657229773
0.0999558646237979
0.09995574483153495
0.09995562715664773
0.09995551156099503
0.09995539800714164
0.09995528645834484
0.09995517687854111
0.09995506923233304
0.09995496348497653
0.09995485960236844
0.09995475755103418
0.09995465729811565
0.09995455881135956
0.09995446205910602
0.0999543670102769
0.09995427363436513
0.09995418190142347
0.09995409178205417
0.09995400324739834
0.09995391626912586
0.0999538308194253
0.09995374687099404
0.09995366439702881
0.099953583371216
0.09995350376772268
0.09995342556118737
0.09995334872671122
0.09995327323984919
0.09995319907660169
0.099953126213406
0.09995305462712828
0.09995298429505525
0.09995291519488661
0.09995284730472712
0.09995278060307893
0.09995271506883432
0.0999526506812685
0.09995258742003199
0.09995252526514423
0.0999524641969862
0.0999524041962939
0.09995234524415185
0.09995228732198629
0.09995223041155918
0.09995217449496165
0.09995211955460812
0.0999520655732301
0.09995201253387061
0.09995196041987807
0.09995190921490082
0.09995185890288165
0.09995180946805213
0.09995176089492744
0.0999517131683012
0.0999516662732401
0.09995162019507908
0.09995157491941628
0.09995153043210825
0.0999514867192651
0.09995144376724602
0.09995140156265452
0.09995136009233402
0.09995131934336342
0.09995127930305289
0.09995123995893947
0.09995120129878307
0.0999511633105623
0.09995112598247034
0.0999510893029114
0.09995105326049644
0.09995101784403974
0.09995098304255486
0.09995094884525135
0.0999509152415309
0.09995088222098403
0.09995084977338653
0.09995081788869603
0.09995078655704899
0.09995075576875716
0.0999507255143045
0.09995069578434405
0.09995066656969485
0.09995063786133893
0.09995060965041841
0.09995058192823254
0.09995055468623486
0.09995052791603044
0.09995050160937313
0.09995047575816281
0.09995045035444287
0.09995042539039749
0.09995040085834928
0.09995037675075649
0.09995035306021097
0.09995032977943524
0.09995030690128076
0.09995028441872503
0.09995026232486967
0.09995024061293813
0.09995021927627334
0.0999501983083358
0.09995017770270129
0.09995015745305892
0.09995013755320899
0.09995011799706106
0.09995009877863197
0.09995007989204396
0.09995006133152269
0.09995004309139559
0.09995002516608965
0.09995000755013007
0.09994999023813834
0.09994997322483037
0.09994995650501502
0.09994994007359233
0.09994992392555191
0.09994990805597134
0.09994989246001466
0.09994987713293073
0.09994986207005174
0.09994984726679186
0.09994983271864553
0.09994981842118635
0.09994980437006523
0.0999497905610096
0.09994977698982152
0.0999497636523766
0.09994975054462268
0.09994973766257856
0.09994972500233264
0.0999497125600418
0.09994970033193011
0.09994968831428763
0.09994967650346939
0.09994966489589398
0.0999496534880427
0.09994964227645824
0.0999496312577437
0.09994962042856145
0.09994960978563218
0.0999495993257338
0.09994958904570043
0.09994957894242143
0.09994956901284036
0.09994955925395417
0.09994954966281211
0.09994954023651487
0.0999495309722136
0.09994952186710922
0.09994951291845126
0.09994950412353726
0.09994949547971176
0.09994948698436554
0.09994947863493478
0.09994947042890026
0.09994946236378664
0.09994945443716156
0.09994944664663502
0.0999494389898586
0.09994943146452458
0.09994942406836543
0.09994941679915308
0.09994940965469805
0.09994940263284897
0.09994939573149182
0.09994938894854927
0.09994938228198005
0.09994937572977833
0.0999493692899731
0.09994936296062759
0.0999493567398385
0.09994935062573568
0.09994934461648132
0.09994933871026954
0.09994933290532572
0.09994932719990605
0.09994932159229691
0.09994931608081431
0.09994931066380355
0.09994930533963854
0.09994930010672133
0.0999492949634817
0.09994928990837652
0.09994928493988957
0.09994928005653052
0.09994927525683517
0.09994927053936452
0.09994926590270448
0.09994926134546538
0.0999492568662816
0.09994925246381126
0.09994924813673543
0.09994924388375823
0.099949239703606
0.09994923559502723
0.0999492315567919
0.09994922758769136
0.09994922368653777
0.09994921985216382
0.09994921608342237
0.0999492123791861
0.09994920873834712
0.09994920515981667
0.09994920164252483
0.0999491981854201
0.09994919478746911
0.09994919144765636
0.09994918816498387
0.09994918493847081
0.09994918176715341
0.09994917865008435
0.0999491755863327
0.09994917257498366
0.09994916961513818
0.09994916670591254
0.09994916384643848
0.09994916103586254
0.09994915827334609
0.09994915555806481
0.0999491528892087
0.09994915026598167
0.09994914768760137
0.0999491451532988
0.09994914266231832
0.09994914021391732
0.09994913780736588
0.0999491354419467
0.09994913311695483
0.09994913083169744
0.09994912858549361
0.09994912637767409
0.09994912420758126
0.09994912207456876
0.09994911997800127
0.09994911791725455
0.09994911589171494
0.09994911390077943
0.09994911194385539
0.09994911002036025
0.09994910812972159
0.09994910627137679
0.09994910444477287
0.09994910264936636
0.0999491008846232
0.0999490991500184
0.09994909744503606
0.09994909576916909
0.09994909412191917
0.0999490925027965
0.09994909091131972
0.09994908934701568
0.09994908780941941
0.0999490862980739
0.09994908481253004
0.09994908335234631
0.09994908191708886
0.09994908050633129
0.09994907911965445
0.09994907775664649
0.09994907641690252
0.09994907510002465
0.09994907380562185
0.09994907253330966
0.09994907128271038
0.09994907005345274
0.09994906884517174
0.09994906765750872
0.0999490664901113
0.09994906534263291
0.09994906421473296
0.09994906310607685
0.09994906201633565
0.09994906094518595
0.09994905989231008
0.09994905885739563
0.09994905784013568
0.09994905684022849
0.09994905585737753
0.09994905489129134
0.09994905394168348
0.09994905300827232
0.09994905209078123
0.09994905118893808
0.09994905030247564
0.09994904943113113
0.09994904857464629
0.09994904773276726
0.09994904690524457
0.09994904609183304
0.09994904529229158
0.09994904450638334
0.09994904373387553
0.09994904297453922
0.09994904222814951
0.09994904149448536
0.0999490407733294
0.09994904006446813
0.09994903936769153
0.0999490386827934
0.0999490380095708
0.0999490373478245
0.09994903669735851
0.0999490360579803
0.09994903542950068
0.09994903481173344
0.09994903420449587
0.09994903360760816
0.09994903302089368
0.09994903244417887
0.09994903187729297
0.09994903132006829
0.09994903077233994
0.09994903023394586
0.09994902970472683
0.0999490291845262
0.09994902867319011
0.09994902817056739
0.09994902767650927
0.09994902719086969
0.09994902671350495
0.09994902624427393
0.0999490257830379
0.09994902532966042
0.09994902488400745
0.09994902444594722
0.09994902401535022
0.09994902359208918
0.09994902317603893
0.09994902276707647
0.09994902236508096
0.09994902196993354
0.09994902158151747
0.09994902119971788
0.099949020824422
0.09994902045551887
0.09994902009289955
0.09994901973645683
0.09994901938608536
0.0999490190416817
0.09994901870314403
0.09994901837037239
0.0999490180432684
0.09994901772173549
0.09994901740567864
0.09994901709500452
0.09994901678962136
0.09994901648943899
0.09994901619436868
0.09994901590432335
0.0999490156192173
0.09994901533896633
0.09994901506348776
0.09994901479270019
0.09994901452652365
0.0999490142648796
0.0999490140076907
0.09994901375488108
0.09994901350637617
0.09994901326210248
0.09994901302198798
0.09994901278596177
0.09994901255395419
0.09994901232589672
0.09994901210172209
0.09994901188136415
0.09994901166475784
0.0999490114518392
0.09994901124254543
0.09994901103681478
0.09994901083458647
0.09994901063580096
0.0999490104403995
0.09994901024832441
0.09994901005951909
0.09994900987392781
0.0999490096914958
0.09994900951216923
0.09994900933589523
0.09994900916262178
0.0999490089922978
0.09994900882487298
0.09994900866029796
0.09994900849852426
0.09994900833950407
0.09994900818319055
0.09994900802953756
0.09994900787849985
0.09994900773003279
0.09994900758409264
0.09994900744063638
0.09994900729962165
0.09994900716100694
0.09994900702475132
0.09994900689081462
0.0999490067591574
0.09994900662974075
0.09994900650252658
0.09994900637747739
0.09994900625455627
0.09994900613372702
0.099949006014954
0.09994900589820219
0.09994900578343717
0.09994900567062512
0.0999490055597328
0.09994900545072749
0.0999490053435771
0.09994900523825001
0.09994900513471519
0.09994900503294211
0.0999490049329008
0.0999490048345618
0.09994900473789606
0.09994900464287514
0.09994900454947102
0.09994900445765618
0.09994900436740357
0.09994900427868655
0.09994900419147904
0.0999490041057553
0.09994900402149012
0.09994900393865863
0.09994900385723644
0.09994900377719954
0.09994900369852436
0.09994900362118771
0.09994900354516684
0.09994900347043932
0.09994900339698315
0.09994900332477669
0.09994900325379863
0.09994900318402816
0.0999490031154446
0.09994900304802785
0.09994900298175799
0.09994900291661553
0.09994900285258125
0.09994900278963637
0.09994900272776223
0.09994900266694068
0.0999490026071538
0.09994900254838397
0.09994900249061389
0.0999490024338265
0.0999490023780052
0.09994900232313342
0.09994900226919504
0.09994900221617418
0.09994900216405525
0.09994900211282284
0.09994900206246196
0.09994900201295767
0.09994900196429546
0.09994900191646101
0.09994900186944021
0.09994900182321918
0.09994900177778436
0.09994900173312236
0.09994900168922002
0.09994900164606448
0.09994900160364291
0.09994900156194292
0.09994900152095218
0.09994900148065862
0.09994900144105046
0.09994900140211595
0.0999490013638436
0.09994900132622225
0.09994900128924078
0.09994900125288826
0.09994900121715404
0.09994900118202762
0.09994900114749859
0.09994900111355681
0.0999490010801923
0.09994900104739525
0.099949001015156
0.09994900098346504
0.09994900095231302
0.09994900092169087
0.09994900089158948
0.09994900086200001
0.0999490008329138
0.09994900080432222
0.09994900077621692
0.09994900074858955
0.09994900072143208
0.09994900069473642
0.09994900066849478
0.0999490006426994
0.0999490006173427
0.09994900059241721
0.0999490005679156
0.09994900054383068
0.09994900052015535
0.09994900049688263
0.09994900047400565
0.09994900045151772
0.09994900042941224
0.09994900040768263
0.09994900038632255
0.09994900036532571
0.09994900034468596
0.09994900032439713
0.09994900030445332
0.09994900028484868
0.09994900026557742
0.09994900024663385
0.09994900022801244
0.09994900020970764
0.09994900019171413
0.09994900017402657
0.09994900015663981
0.09994900013954867
0.09994900012274816
0.09994900010623331
0.09994900008999935
0.09994900007404134
0.09994900005835476
0.09994900004293485
0.09994900002777722
0.09994900001287728
0.09994899999823066
0.09994899998383315
0.0999489999696804
0.09994899995576834
0.09994899994209282
0.09994899992864982
0.09994899991543539
0.09994899990244566
0.09994899988967682
0.09994899987712506
0.09994899986478673
0.0999489998526582
0.0999489998407359
0.09994899982901627
0.09994899981749594
0.09994899980617147
0.09994899979503956
0.09994899978409696
0.09994899977334037
0.09994899976276667
0.09994899975237277
0.09994899974215561
0.09994899973211213
0.09994899972223942
0.0999489997125346
0.0999489997029947
0.0999489996936171
0.0999489996843989
0.09994899967533744
0.09994899966643
0.09994899965767408
0.09994899964906696
0.09994899964060622
0.09994899963228929
0.0999489996241138
0.0999489996160773
0.09994899960817741
0.09994899960041184
0.09994899959277834
0.09994899958527458
0.09994899957789842
0.09994899957064765
0.09994899956352016
0.09994899955651385
0.09994899954962666
0.09994899954285653
0.09994899953620152
0.09994899952965966
0.09994899952322903
0.09994899951690774
0.0999489995106939
0.0999489995045857
0.09994899949858134
0.09994899949267907
0.09994899948687713
0.09994899948117386
0.09994899947556753
0.0999489994700565
0.09994899946463918
0.09994899945931397
0.09994899945407927
0.09994899944893358
0.09994899944387536
0.0999489994389031
0.09994899943401543
0.09994899942921086
0.0999489994244879
0.09994899941984528
0.09994899941528157
0.09994899941079546
0.09994899940638562
0.09994899940205076
0.09994899939778955
0.0999489993936008
0.09994899938948328
0.09994899938543574
0.09994899938145699
0.09994899937754592
0.0999489993737013
0.09994899936992206
0.09994899936620705
0.09994899936255522
0.09994899935896549
0.09994899935543675
0.09994899935196801
0.09994899934855823
0.09994899934520642
0.09994899934191158