0.7333333333333333
0.7333333333333333
0.74
0.7533333333333333
0.76
0.7666666666666667
0.7733333333333333
0.78
0.78
0.7866666666666666
0.8
0.8266666666666667
0.84
0.84
0.8533333333333334
0.8533333333333334
0.8533333333333334
0.8733333333333333
0.8733333333333333
0.88
0.88
0.8866666666666667
0.8866666666666667
0.8866666666666667
0.9
0.9
0.9066666666666666
0.9066666666666666
0.9066666666666666
0.9133333333333333
0.9133333333333333
0.92
0.9266666666666666
0.9266666666666666
0.9333333333333333
0.9333333333333333
0.9333333333333333
0.9333333333333333
0.94
0.94
0.9466666666666667
0.9533333333333334
0.9533333333333334
0.9533333333333334
0.9533333333333334
0.9533333333333334
0.9533333333333334
0.9533333333333334
0.96
0.96
0.9666666666666667
0.9666666666666667
0.9666666666666667
0.9666666666666667
0.9666666666666667
0.96
0.96
0.96
0.96
0.96
0.96
0.96
0.96
0.96
0.96
0.96
0.96
0.96
0.96
0.96
0.96
0.96
0.96
0.96
0.96
0.96
0.96
0.96
0.96
0.96
0.96
0.96
0.96
0.96
0.96
0.96
0.96
0.9666666666666667
0.9666666666666667
0.9666666666666667
0.9666666666666667
0.9666666666666667
0.9666666666666667
0.9666666666666667
0.9666666666666667
0.9666666666666667
0.9666666666666667
0.9666666666666667
0.9666666666666667
0.9666666666666667