0.41352653851331206
0.33904965088978073
0.29690886706608205
0.26939162730424243
0.24972690637381653
0.2348076326575383
0.2230031286302371
0.21336984926851202
0.20532045975167248
0.19846814846290753
0.19254652601996464
0.18736537641713427
0.18278476119053352
0.17869912385435768
0.1750271340696385
0.17170497410698163
0.16868176882677383
0.1659163945319655
0.16337520035098332
0.1610303488055037
0.15885858592831345
0.15684031532455
0.15495889114918251
0.15320007130464627
0.1515515896149785
0.15000281752546202
0.14854449398619357
0.14716850784478663
0.1458677210920967
0.14463582419368792
0.14346721684258518
0.14235690901742376
0.14130043838287387
0.14029380093601437
0.13933339246024168
0.1384159588520681
0.1375385537750881
0.13669850239799008
0.1358933702106351
0.13512093609936135
0.13437916901130229
0.1336662076562789
0.13298034279029555
0.13232000170182606
0.13168373458476618
0.13107020253311444
0.13047816693443734
0.12990648007378142
0.1293540767883402
0.12881996703699022
0.12830322926867344
0.127803004490243
0.12731849094837347
0.12684893935193306
0.12639364857120178
0.12595196175879664
0.1255232628443835
0.12510697336142612
0.1247025495695038
0.12430947984027135
0.12392728227904078
0.12355550255734463
0.1231937119347606
0.12284150545081432
0.12249850026998398
0.12216433416475227
0.12183866412333255
0.12152116507016561
0.12121152868857546
0.12090946233610508
0.12061468804405347
0.12032694159361543
0.12004597166180549
0.11977153903103689
0.11950341585683819
0.11924138498873414
0.11898523933980078
0.11873478130083627
0.1184898221954736
0.11825018177290582
0.11801568773520137
0.11778617529646535
0.11756148677134787
0.11734147119062602
0.1171259839417848
0.11691488643270447
0.1167080457767239
0.11650533449749792
0.11630663025219941
0.11611181557173794
0.11592077761677637
0.11573340794842558
0.11554960231258937
0.11536926043701165
0.11519228584015476
0.11501858565110454
0.11484807043976124
0.11468065405663112
0.1145162534815858
0.11435478868100485
0.11419618247275931
0.11404036039853428
0.11388725060302615
0.11373678371958183
0.1135888927618803
0.11344351302128379
0.113300581969512
0.11316003916631834
0.1130218261718679
0.11288588646353744
0.11275216535687771
0.11262060993049498
0.11249116895462502
0.11236379282318752
0.11223843348912349
0.11211504440283063
0.11199358045352277
0.1118739979133521
0.1117562543841422
0.11164030874658873
0.11152612111179551
0.11141365277501993
0.11130286617151035
0.11119372483432495
0.11108619335402871
0.11098023734017028
0.11087582338444724
0.11077291902547387
0.11067149271506913
0.11057151378598877
0.11047295242102993
0.11037577962343859
0.11027996718855723
0.11018548767665136
0.11009231438685742
0.1100004213321987
0.10990978321561756
0.109820375406976
0.10973217392097905
0.10964515539597686
0.10955929707360618
0.10947457677923088
0.10939097290314585
0.10930846438250903
0.10922703068396905
0.1091466517869566
0.10906730816761069
0.10898898078331082
0.10891165105778883
0.10883530086679519
0.10875991252429558
0.10868546876917383
0.10861195275242148
0.10853934802479151
0.10846763852489698
0.10839680856773645
0.1083268428336277
0.10825772635753292
0.1081894445187593
0.10812198303101937
0.10805532793283709
0.10798946557828433
0.10792438262803603
0.10786006604072995
0.10779650306461967
0.10773368122950876
0.10767158833895535
0.10761021246273642
0.10754954192956168
0.10748956532002724
0.10743027145980014
0.10737164941302492
0.1073136884759431
0.10725637817071873
0.1071997082394611
0.10714366863843772
0.10708824953247097
0.10703344128951044
0.10697923447537588
0.1069256198486633
0.10687258835580934
0.10682013112630705
0.10676823946806911
0.10671690486293135
0.10666611896229347
0.10661587358289072
0.10656616070269252
0.1065169724569236
0.10646830113420308
0.10642013917279762
0.10637247915698492
0.10632531381352305
0.10627863600822288
0.1062324387426196
0.10618671515073988
0.10614145849596197
0.10609666216796504
0.10605231967976513
0.10600842466483495
0.1059649708743043
0.10592195217423893
0.10587936254299503
0.10583719606864697
0.10579544694648595
0.10575410947658713
0.10571317806144327
0.10567264720366248
0.10563251150372856
0.10559276565782102
0.10555340445569412
0.1055144227786119
0.10547581559733843
0.10543757797018094
0.1053997050410842
0.10536219203777535
0.1053250342699564
0.10528822712754417
0.10525176607895512
0.10521564666943489
0.10517986451943012
0.10514441532300192
0.1051092948462795
0.10507449892595302
0.10504002346780432
0.1050058644452741
0.1049720178980653
0.10493847993078077
0.10490524671159494
0.10487231447095767
0.10483967950033048
0.10480733815095325
0.1047752868326408
0.10474352201260897
0.10471204021432855
0.10468083801640703
0.10464991205149696
0.1046192590052302
0.10458887561517768
0.10455875866983332
0.10452890500762226
0.10449931151593192
0.10446997513016608
0.1044408928328205
0.10441206165258017
0.10438347866343722
0.10435514098382939
0.10432704577579766
0.10429919024416354
0.10427157163572472
0.1042441872384691
0.10421703438080628
0.1041901104308165
0.1041634127955162
0.10413693892013999
0.1041106862874384
0.10408465241699141
0.10405883486453667
0.10403323122131292
0.10400783911341722
0.10398265620117661
0.10395768017853307
0.10393290877244192
0.1039083397422831
0.10388397087928501
0.10385980000596076
0.10383582497555628
0.10381204367151022
0.10378845400692528
0.10376505392405039
0.10374184139377426
0.10371881441512881
0.1036959710148037
0.10367330924667023
0.10365082719131553
0.10362852295558617
0.10360639467214118
0.10358444049901404
0.10356265861918394
0.10354104724015534
0.10351960459354634
0.10349832893468516
0.10347721854221488
0.10345627171770597
0.10343548678527649
0.10341486209122011
0.1033943960036412
0.10337408691209736
0.10335393322724884
0.10333393338051469
0.10331408582373619
0.10329438902884615
0.103274841487545
0.10325544171098328
0.10323618822944985
0.10321707959206634
0.10319811436648761
0.1031792911386075
0.1031606085122705
0.10314206510898905
0.10312365956766553
0.10310539054432027
0.1030872567118242
0.1030692567596365
0.10305138939354754
0.10303365333542602
0.10301604732297139
0.10299857010947042
0.10298122046355845
0.102963997168985
0.10294689902438364
0.10292992484304612
0.10291307345270057
0.1028963436952936
0.10287973442677685
0.10286324451689649
0.10284687284898743
0.10283061831977068
0.10281447983915444
0.10279845633003891
0.10278254672812408
0.10276674998172176
0.10275106505156999
0.10273549091065139
0.1027200265440144
0.10270467094859775
0.10268942313305793
0.10267428211759956
0.10265924693380922
0.10264431662449121
0.10262949024350719
0.10261476685561778
0.1026001455363272
0.10258562537173076
0.10257120545836437
0.10255688490305737
0.10254266282278707
0.10252853834453635
0.10251451060515335
0.10250057875121364
0.10248674193888466
0.10247299933379228
0.10245935011088994
0.10244579345432958
0.10243232855733497
0.10241895462207697
0.1024056708595509
0.10239247648945597
0.10237937074007669
0.102366352848166
0.10235342205883063
0.10234057762541815
0.10232781880940574
0.10231514488029105
0.10230255511548453
0.1022900488002036
0.10227762522736863
0.10226528369750029
0.10225302351861892
0.10224084400614517
0.10222874448280232
0.10221672427852027
0.10220478273034084
0.10219291918232469
0.10218113298545967
0.10216942349757055
0.10215779008323034
0.10214623211367256
0.10213474896670557
0.10212334002662742
0.10211200468414268
0.10210074233628012
0.102089552386312
0.10207843424367413
0.10206738732388773
0.10205641104848198
0.10204550484491798
0.10203466814651391
0.10202390039237112
0.10201320102730159
0.10200256950175617
0.10199200527175427
0.10198150779881422
0.101971076549885
0.10196071099727867
0.1019504106186042
0.10194017489670175
0.10193000331957854
0.10191989538034506
0.10190985057715267
0.10189986841313195
0.10188994839633188
0.10188009003966
0.10187029286082337
0.10186055638227058
0.10185088013113427
0.10184126363917481
0.10183170644272449
0.10182220808263287
0.10181276810421258
0.10180338605718597
0.10179406149563275
0.10178479397793806
0.10177558306674153
0.10176642832888685
0.10175732933537217
0.10174828566130127
0.10173929688583527
0.10173036259214516
0.10172148236736467
0.10171265580254435
0.10170388249260584
0.1016951620362969
0.10168649403614713
0.10167787809842417
0.10166931383309079
0.10166080085376211
0.10165233877766387
0.10164392722559093
0.10163556582186664
0.10162725419430248
0.10161899197415833
0.10161077879610347
0.10160261429817782
0.10159449812175403
0.10158642991149969
0.10157840931534028
0.10157043598442282
0.10156250957307947
0.10155462973879217
0.10154679614215735
0.10153900844685138
0.10153126631959626
0.10152356943012597
0.10151591745115313
0.1015083100583361
0.10150074693024666
0.10149322774833783
0.10148575219691244
0.1014783199630919
0.10147093073678537
0.10146358421065962
0.10145628008010875
0.10144901804322479
0.10144179780076851
0.10143461905614053
0.10142748151535291
0.10142038488700106
0.10141332888223598
0.10140631321473693
0.10139933760068438
0.1013924017587334
0.10138550540998725
0.10137864827797133
0.10137183008860767
0.10136505057018946
0.101358309453356
0.10135160647106801
0.10134494135858345
0.10133831385343292
0.10133172369539636
0.10132517062647926
0.1013186543908896
0.10131217473501482
0.10130573140739925
0.10129932415872177
0.10129295274177365
0.10128661691143676
0.10128031642466216
0.10127405104044866
0.1012678205198219
0.10126162462581358
0.10125546312344084
0.10124933577968621
0.1012432423634775
0.1012371826456679
0.10123115639901678
0.10122516339817002
0.10121920341964123
0.10121327624179285
0.10120738164481737
0.10120151941071924
0.10119568932329649
0.10118989116812296
0.10118412473253036
0.10117838980559087
0.1011726861780999
0.1011670136425588
0.1011613719931581
0.10115576102576081
0.10115018053788578
0.10114463032869149
0.10113911019895991
0.10113361995108051
0.10112815938903462
0.10112272831837975
0.10111732654623425
0.10111195388126208
0.10110661013365795
0.10110129511513213
0.10109600863889599
0.10109075051964754
0.10108552057355691
0.10108031861825227
0.1010751444728058
0.1010699979577197
0.10106487889491275
0.10105978710770645
0.10105472242081195
0.10104968466031651
0.10104467365367055
0.1010396892296748
0.10103473121846726
0.10102979945151078
0.10102489376158041
0.10102001398275112
0.10101515995038546
0.10101033150112154
0.10100552847286111
0.10100075070475757
0.10099599803720445
0.10099127031182381
0.10098656737145467
0.10098188906014186
0.10097723522312471
0.10097260570682613
0.10096800035884151
0.10096341902792799
0.10095886156399372
0.1009543278180873
0.1009498176423873
0.10094533089019192
0.1009408674159087
0.10093642707504441
0.10093200972419503
0.10092761522103583
0.10092324342431166
0.10091889419382703
0.1009145673904367
0.10091026287603612
0.10090598051355207
0.10090172016693323
0.10089748170114125
0.10089326498214145
0.10088906987689378
0.10088489625334415
0.10088074398041538
0.10087661292799867
0.10087250296694487
0.10086841396905594
0.10086434580707664
0.1008602983546859
0.10085627148648901
0.10085226507800893
0.10084827900567857
0.10084431314683254
0.10084036737969944
0.1008364415833939
0.10083253563790877
0.10082864942410759
0.10082478282371675
0.10082093571931834
0.1008171079943423
0.10081329953305931
0.10080951022057343
0.10080573994281485
0.10080198858653279
0.10079825603928845
0.10079454218944793
0.10079084692617539
0.10078717013942609
0.10078351171993975
0.10077987155923375
0.10077624954959644
0.10077264558408058
0.10076905955649698
0.10076549136140779
0.10076194089412024
0.10075840805068047
0.10075489272786693
0.10075139482318454
0.10074791423485834
0.10074445086182743
0.10074100460373912
0.10073757536094283
0.10073416303448415
0.10073076752609922
0.10072738873820875
0.10072402657391237
0.10072068093698308
0.10071735173186144
0.10071403886365017
0.10071074223810861
0.10070746176164716
0.1007041973413222
0.10070094888483049
0.10069771630050384
0.10069449949730414
0.1006912983848179
0.10068811287325138
0.10068494287342532
0.10068178829676994
0.10067864905531995
0.1006755250617098
0.10067241622916846
0.10066932247151486
0.10066624370315298
0.10066317983906707
0.10066013079481703
0.10065709648653373
0.10065407683091435
0.10065107174521776
0.10064808114726029
0.10064510495541083
0.10064214308858667
0.10063919546624903
0.10063626200839869
0.10063334263557165
0.10063043726883497
0.1006275458297823
0.10062466824053005
0.10062180442371284
0.10061895430247961
0.1006161178004896
0.10061329484190809
0.10061048535140257
0.10060768925413872
0.10060490647577645
0.10060213694246611
0.10059938058084454
0.10059663731803123
0.10059390708162469
0.10059118979969849
0.10058848540079773
0.10058579381393523
0.100583114968588
0.10058044879469351
0.10057779522264616
0.10057515418329378
0.10057252560793406
0.10056990942831102
0.10056730557661173
0.10056471398546267
0.10056213458792658
0.10055956731749881
0.10055701210810429
0.10055446889409406
0.10055193761024202
0.10054941819174176
0.10054691057420326
0.10054441469364982
0.1005419304865148
0.10053945788963851
0.10053699684026528
0.10053454727604011
0.10053210913500593
0.10052968235560028
0.10052726687665263
0.10052486263738118
0.10052246957739008
0.10052008763666649
0.10051771675557758
0.10051535687486779
0.1005130079356561
0.10051066987943297
0.10050834264805773
0.10050602618375586
0.10050372042911607
0.10050142532708776
0.10049914082097831
0.10049686685445039
0.10049460337151926
0.10049235031655031
0.10049010763425624
0.10048787526969483
0.10048565316826603
0.10048344127570967
0.10048123953810284
0.10047904790185752
0.10047686631371798
0.10047469472075847
0.10047253307038069
0.10047038131031151
0.10046823938860051
0.10046610725361764
0.1004639848540509
0.10046187213890402
0.10045976905749412
0.10045767555944958
0.10045559159470754
0.10045351711351191
0.10045145206641097
0.10044939640425529
0.10044735007819548
0.10044531303968002
0.10044328524045318
0.10044126663255284
0.10043925716830844
0.10043725680033881
0.10043526548155006
0.10043328316513375
0.10043130980456459
0.10042934535359857
0.1004273897662709
0.10042544299689404
0.10042350500005574
0.10042157573061704
0.1004196551437104
0.10041774319473772
0.1004158398393684
0.10041394503353762
0.10041205873344426
0.10041018089554914
0.10040831147657318
0.10040645043349555
0.10040459772355187
0.10040275330423241
0.10040091713328023
0.10039908916868957
0.10039726936870395
0.10039545769181452
0.10039365409675823
0.10039185854251627
0.10039007098831222
0.10038829139361047
0.10038651971811445
0.10038475592176513
0.10038299996473925
0.10038125180744764
0.10037951141053376
0.10037777873487194
0.10037605374156601
0.10037433639194746
0.10037262664757397
0.100370924470228
0.10036922982191497
0.10036754266486202
0.10036586296151633
0.10036419067454357
0.1003625257668266
0.1003608682014638
0.10035921794176768
0.1003575749512635
0.10035593919368768
0.10035431063298639
0.10035268923331422
0.10035107495903281
0.10034946777470916
0.1003478676451146
0.10034627453522321
0.10034468841021046
0.10034310923545191
0.1003415369765219
0.10033997159919203
0.10033841306943009
0.10033686135339859
0.10033531641745341
0.10033377822814264
0.10033224675220534
0.10033072195656996
0.1003292038083534
0.10032769227485965
0.1003261873235785
0.10032468892218431
0.10032319703853489
0.10032171164067016
0.10032023269681097
0.10031876017535797
0.10031729404489038
0.10031583427416475
0.10031438083211394
0.1003129336878458
0.1003114928106421
0.10031005816995743
0.10030862973541792
0.10030720747682023
0.10030579136413056
0.10030438136748317
0.10030297745717963
0.10030157960368757
0.10030018777763962
0.10029880194983239
0.10029742209122525
0.10029604817293956
0.10029468016625726
0.10029331804262011
0.10029196177362847
0.10029061133104045
0.10028926668677071
0.10028792781288962
0.10028659468162204
0.10028526726534655
0.10028394553659442
0.10028262946804845
0.10028131903254213
0.10028001420305872
0.10027871495273026
0.10027742125483649
0.10027613308280409
0.10027485041020552
0.10027357321075847
0.10027230145832444
0.10027103512690823
0.10026977419065676
0.10026851862385835
0.1002672684009418
0.10026602349647533
0.10026478388516581
0.10026354954185805
0.1002623204415336
0.10026109655931012
0.10025987787044043
0.10025866435031167
0.10025745597444456
0.10025625271849231
0.10025505455824006
0.10025386146960388
0.10025267342863003
0.10025149041149402
0.1002503123945001
0.10024913935408002
0.10024797126679263
0.10024680810932281
0.1002456498584809
0.1002444964912017
0.10024334798454393
0.10024220431568924
0.10024106546194157
0.10023993140072643
0.10023880210959
0.10023767756619853
0.10023655774833748
0.10023544263391089
0.10023433220094057
0.10023322642756537
0.10023212529204052
0.10023102877273694
0.10022993684814036
0.10022884949685076
0.10022776669758171
0.10022668842915951
0.10022561467052264
0.10022454540072093
0.10022348059891509
0.10022242024437589
0.10022136431648344
0.10022031279472667
0.10021926565870252
0.10021822288811545
0.10021718446277664
0.10021615036260331
0.1002151205676184
0.1002140950579494
0.10021307381382823
0.10021205681559027
0.10021104404367391
0.10021003547861981
0.1002090311010704
0.10020803089176915
0.10020703483156013
0.10020604290138714
0.1002050550822934
0.10020407135542075
0.10020309170200914
0.10020211610339606
0.10020114454101589
0.10020017699639938
0.10019921345117305
0.10019825388705862
0.10019729828587239
0.10019634662952483
0.10019539890001981
0.10019445507945426
0.1001935151500175
0.10019257909399053
0.10019164689374589
0.10019071853174676
0.10018979399054652
0.10018887325278839
0.10018795630120458
0.10018704311861605
0.10018613368793187
0.10018522799214866
0.10018432601435019
0.10018342773770665
0.1001825331454745
0.10018164222099565
0.10018075494769703
0.10017987130909013
0.10017899128877059
0.1001781148704175
0.10017724203779313
0.1001763727747423
0.10017550706519193
0.10017464489315059
0.10017378624270798
0.10017293109803457
0.10017207944338095
0.10017123126307752
0.10017038654153396
0.10016954526323876
0.10016870741275877
0.10016787297473878
0.1001670419339011
0.10016621427504498
0.10016538998304625
0.10016456904285695
0.1001637514395047
0.10016293715809252
0.10016212618379812
0.10016131850187371
0.10016051409764541
0.10015971295651288
0.10015891506394899
0.10015812040549923
0.10015732896678134
0.10015654073348507
0.10015575569137153
0.10015497382627293
0.10015419512409213
0.10015341957080222
0.10015264715244612
0.10015187785513631
0.10015111166505417
0.10015034856844982
0.10014958855164173
0.10014883160101615
0.10014807770302682
0.1001473268441948
0.10014657901110761
0.1001458341904193
0.10014509236884993
0.10014435353318514
0.10014361767027569
0.10014288476703752
0.10014215481045075
0.10014142778755991
0.10014070368547319
0.10013998249136227
0.10013926419246187
0.10013854877606951
0.10013783622954499
0.10013712654031018
0.10013641969584862
0.10013571568370522
0.10013501449148586
0.10013431610685705
0.1001336205175457
0.10013292771133854
0.10013223767608209
0.10013155039968216
0.10013086587010352
0.10013018407536957
0.10012950500356207
0.10012882864282084
0.10012815498134331
0.10012748400738432
0.10012681570925575
0.10012615007532621
0.10012548709402076
0.1001248267538206
0.10012416904326266
0.10012351395093942
0.10012286146549851
0.10012221157564252
0.1001215642701285
0.10012091953776801
0.10012027736742635
0.10011963774802268
0.10011900066852948
0.10011836611797244
0.10011773408542994
0.10011710456003298
0.10011647753096474
0.10011585298746045
0.1001152309188069
0.10011461131434246
0.10011399416345632
0.10011337945558882
0.10011276718023068
0.10011215732692297
0.10011154988525674
0.10011094484487278
0.10011034219546146
0.10010974192676217
0.10010914402856343
0.10010854849070236
0.10010795530306442
0.10010736445558334
0.1001067759382407
0.1001061897410657
0.10010560585413494
0.10010502426757217
0.10010444497154797
0.10010386795627953
0.10010329321203042
0.10010272072911042
0.10010215049787503
0.10010158250872553
0.10010101675210846
0.10010045321851563