0.27792942639995705
0.2776677059737641
0.2774069301449108
0.27714709362546597
0.2768881911658251
0.2766302175543776
0.27637316761717834
0.27611703621762124
0.27586181825611705
0.27560750866977385
0.27535410243208114
0.27510159455259625
0.2748499800766346
0.2745992540849627
0.27434941169349414
0.27410044805298867
0.27385235834875415
0.2736051378003515
0.2733587816613023
0.27311328521879985
0.27286864379342207
0.2726248527388483
0.27238190744157814
0.2721398033206529
0.27189853582738077
0.2716581004450634
0.27141849268872553
0.2711797081048484
0.27094174227110357
0.27070459079609144
0.2704682493190806
0.27023271350975103
0.269997979067939
0.2697640417233844
0.2695308972354813
0.26929854139302944
0.2690669700139902
0.2688361789452425
0.26860616406234294
0.2683769212692875
0.2681484464982756
0.26792073570947594
0.26769378489079537
0.2674675900576498
0.2672421472527366
0.2670174525458099
0.26679350203345814
0.2665702918388824
0.266347818111679
0.2661260770276221
0.2659050647884494
0.26568477762165
0.2654652117802536
0.26524636354262215
0.26502822921224334
0.26481080511752597
0.26459408761159753
0.26437807307210287
0.2641627579010063
0.2639481385243935
0.2637342113922772
0.2635209729784035
0.26330841978006003
0.2630965483178871
0.2628853551356885
0.26267483680024645
0.26246498990113626
0.2622558110505438
0.2620472968830846
0.26183944405562404
0.26163224924710005
0.2614257091583464
0.2612198205119189
0.2610145800519218
0.2608099845438369
0.26060603077435396
0.2604027155512021
0.26020003570298356
0.25999798807900837
0.2597965695491307
0.2595957770035873
0.2593956073528361
0.2591960575273977
0.2589971244776974
0.25879880517390896
0.2586010966057996
0.25840399578257717
0.2582074997327374
0.25801160550391355
0.2578163101627272
0.25762161079464013
0.25742750450380775
0.25723398841293377
0.25704105966312657
0.25684871541375565
0.2566569528423114
0.25646576914426394
0.25627516153292484
0.25608512723930926
0.25589566351199955
0.2557067676170102
0.2555184368376537
0.2553306684744077
0.2551434598447838
0.2549568082831967
0.25477071114083516
0.25458516578553375
0.2544001696016458
0.25421571998991793
0.25403181436736477
0.25384845016714586
0.25366562483844246
0.25348333584633675
0.25330158067169095
0.25312035681102807
0.2529396617764139
0.2527594930953392
0.25257984831060415
0.25240072498020244
0.25222212067720773
0.2520440329896599
0.251866459520453
0.25168939788722444
0.2515128457222439
0.25133680067230474
0.25116126039861525
0.25098622257669134
0.25081168489625005
0.2506376450611039
0.25046410078905657
0.2502910498117985
0.25011848987480473
0.24994641873723236
0.24977483417181998
0.24960373396478694
0.24943311591573436
0.24926297783754642
0.24909331755629274
0.24892413291113175
0.24875542175421422
0.24858718195058851
0.24841941137810614
0.24825210792732796
0.24808526950143162
0.24791889401611966
0.24775297939952784
0.2475875235921355
0.247422524546675
0.2472579802280436
0.24709388861321482
0.2469302476911513
0.24676705546271782
0.24660430994059587
0.2464420091491978
0.24628015112458296
0.24611873391437344
0.24595775557767113
0.24579721418497538
0.2456371078181014
0.24547743457009893
0.24531819254517223
0.2451593798586001
0.2450009946366573
0.24484303501653568
0.24468549914626694
0.2445283851846452
0.24437169130115083
0.2442154156758746
0.24405955649944278
0.24390411197294207
0.24374908030784592
0.24359445972594146
0.2434402484592566
0.24328644474998803
0.24313304685042927
0.24298005302290046
0.24282746153967757
0.24267527068292244
0.24252347874461436
0.2423720840264804
0.24222108483992838
0.24207047950597846
0.24192026635519673
0.24177044372762863
0.24162100997273314
0.2414719634493173
0.2413233025254714
0.24117502557850487
0.2410271309948823
0.24087961717016035
0.24073248250892487
0.2405857254247289
0.24043934434003056
0.24029333768613206
0.2401477039031191
0.24000244143980015
0.23985754875364707
0.23971302431073582
0.23956886658568732
0.23942507406160948
0.23928164523003886
0.23913857859088392
0.23899587265236716
0.23885352593096945
0.23871153695137348
0.2385699042464084
0.2384286263569943
0.23828770183208794
0.23814712922862802
0.23800690711148156
0.23786703405339035
0.237727508634918
0.2375883294443972
0.23744949507787752
0.2373110041390739
0.23717285523931494
0.2370350469974921
0.23689757804000902
0.23676044700073146
0.23662365252093742
0.23648719324926779
0.23635106784167725
0.23621527496138583
0.23607981327883046
0.23594468147161712
0.23580987822447358
0.23567540222920183
0.23554125218463157
0.235407426796574
0.23527392477777537
0.2351407448478713
0.23500788573334216
0.23487534616746683
0.23474312489027924
0.23461122064852344
0.23447963219560972
0.23434835829157116
0.23421739770302
0.23408674920310518
0.23395641157146943
0.23382638359420668
0.23369666406382072
0.23356725177918314
0.2334381455454919
0.2333093441742305
0.2331808464831274
0.2330526512961153
0.23292475744329125
0.23279716376087664
0.23266986909117807