0.39
0.39
0.39
0.39
0.39
0.39
0.39
0.39
0.39
0.39
0.39
0.39
0.39
0.39
0.39
0.39
0.38
0.38
0.38
0.38
0.38
0.38
0.38
0.38
0.38
0.38
0.39
0.39
0.39
0.39
0.4
0.4
0.4
0.4
0.4
0.4
0.4
0.4
0.4
0.4
0.4
0.42
0.42
0.42
0.42
0.43
0.44
0.44
0.46
0.46
0.47
0.5
0.52
0.53
0.6
0.61
0.65
0.68
0.69
0.71
0.71
0.73
0.74
0.76
0.76
0.76
0.76
0.76
0.76
0.76
0.76
0.77
0.77
0.77
0.77
0.77
0.77
0.78
0.78
0.78
0.78
0.79
0.79
0.8
0.8
0.81
0.82
0.82
0.82
0.82
0.81
0.8
0.8
0.81
0.81
0.81
0.81
0.81
0.81
0.81
0.81
0.82
0.82
0.82
0.81
0.81
0.81
0.81
0.81
0.82
0.82
0.82
0.83
0.83
0.83
0.83
0.83
0.83
0.83
0.83
0.83
0.83
0.83
0.83
0.83
0.83
0.82
0.82
0.82
0.83
0.83
0.83
0.83
0.83
0.83
0.83
0.83
0.83
0.83
0.83
0.84
0.84
0.84
0.84
0.84
0.84
0.84
0.84
0.84
0.84
0.84
0.84
0.84
0.84
0.84
0.84
0.84
0.84
0.84
0.84
0.84
0.84
0.84
0.84
0.84
0.84
0.84
0.85
0.85
0.86
0.86
0.86
0.87
0.87
0.87
0.87
0.87
0.87
0.87
0.87
0.87
0.87
0.86
0.86
0.86
0.86
0.86
0.86
0.86
0.86
0.86
0.86
0.86
0.86
0.86
0.86
0.86
0.86
0.86
0.86