0.83
0.8
0.77
0.79
0.87
0.87
0.86
0.9
0.93
0.93
0.96
0.97
0.97
0.95
0.98
0.97
0.94
0.98
0.97
0.98
0.97
0.99
0.98
0.95
0.96
0.98
0.97
0.97
0.98
0.99
0.98
0.97
0.94
0.96
0.97
0.98
0.97
0.97
0.98
0.98
0.97
0.98
0.97
0.97
0.98
0.98
0.98
0.96
0.95
0.98
0.98
0.97
0.98
0.98
0.98
0.98
0.97
0.98
0.97
0.98
0.97
0.98
0.97
0.98
0.98
0.97
0.98
0.97
0.98
0.96
0.98
0.98
0.97
0.98
0.97
0.98
0.97
0.98
0.97
0.98
0.97
0.98
0.97
0.98
0.97
0.98
0.97
0.98
0.98
0.97
0.98
0.96
0.98
0.98
0.97
0.97
0.97
0.97
0.98
0.96
0.98
0.98
0.96
0.98
0.98
0.97
0.98
0.96
0.98
0.98
0.97
0.98
0.98
0.97
0.98
0.96
0.95
0.98
0.98
0.97
0.98
0.97
0.98
0.98
0.97
0.98
0.98
0.97
0.98
0.97
0.98
0.97
0.98
0.98
0.97
0.98
0.98
0.98
0.98
0.97
0.98
0.98
0.98
0.98
0.97
0.98
0.97
0.98
0.98
0.98
0.98
0.97
0.98
0.97
0.98
0.97
0.98
0.98
0.97
0.98
0.97
0.98
0.97
0.96
0.98
0.97
0.97
0.98
0.97
0.98
0.96
0.96
0.98
0.97
0.97
0.97
0.97
0.98
0.96
0.96
0.98
0.98
0.97
0.98
0.97
0.98
0.96
0.95
0.98
0.98
0.97
0.98
0.97
0.98
0.98
0.97
0.98
0.97
0.98
0.98