3.099816235452217
2.530598736407621
1.9008011090652428
2.119376044641333
1.6919213168857585
1.3972175767642911
1.4120366421078026
1.116595722943808
0.9072130565059874
0.6555001391793311
0.7036767323811765
0.6269335127596486
0.7111047198687157
0.9180474039735355
0.9037900522149546
0.7938302040293612
0.7954333678733114
0.6419520394197535
0.6159069079263866
0.5444583515075758
0.6495669477890765
0.7016250275734531
0.8036041357561153
0.6352563379457767
0.5914014777500011
0.605925025000703
0.5154048802501955
0.5265399326270874
0.6934574109151979
0.9327597997910709
1.0487579667332816
0.7634233331281292
0.8523054886632945
0.6902247630115814
0.6907198346337623
0.5699796356084615
0.5201658227852728
0.5574032363271928
0.5190463726042582
0.5277826872737625
0.5579414453614902
0.5451826728379938
0.4992548427432044
0.5065877655953122
0.5681639360989822
0.7099403234644133
0.9117944359369599
0.6532068907040824
0.6770820484524755
0.6522528812415174
0.5339411177090834
0.5743616673453322
0.7564367971141216
0.6564611306937934
0.57805530156652
0.5261415390548028
0.5534320099498538
0.5792444633403928
0.551527209982319
0.5392203589875716
0.5457738853956493
0.5878180712931648
0.569763868600818
0.5145978729816039
0.496648503160494
0.5044024832481048
0.5560338656817135
0.6250431846170057
0.7503297184536634
0.6162230443484044
0.5494234311866715
0.606218748781768
0.560783044873856
0.5645222395112025
0.5312598924877201
0.5236928304802896
0.5277111382558314
0.5474485759954741
0.5429111146870195
0.5163579363052982
0.5090675532906889
0.5127781802368316
0.530353422263835
0.5666185590463721
0.5978882159958294
0.6363392876504512
0.556502358622446
0.5059666645922924
0.5428142795065014
0.6092111386712629
0.834760396877818
0.6932848207163774
0.5594031593283637
0.6804181357429859
0.5781243345000695
0.5310187583310088
0.5115453032847084
0.5409701729527403
0.6906213016421414
0.7814829625272054
0.627405098960211
0.6039026313642956
0.6111136991265856
0.5165665145278913
0.49947609919901764
0.5669632060115235
0.8029740943614676
0.7639090600396988
0.5704316143351992
0.6416073999320047
0.5796922086929297
0.5004246745398803
0.5161577434151668
0.6289170315336226
1.0314659052353885
0.7464902520346695
0.7079655358106064
0.7405261646873827
0.5698931640712007
0.6607150352993283
0.7539050102299983
0.5547048025476519
0.5452078769360176
0.704364463376203
0.6704821083878518
0.5788608597124997
0.5462757082968118
0.5909431160468932
0.6280938731747573
0.5824507678856251
0.5474116726478795
0.4996148171892007
0.49936933527120914
0.5245030241462639
0.5758983305857729
0.6912928463075735
0.6319868881175452
0.528072917573706
0.5387362705677593
0.5719420905222851
0.6526874785471771
0.6192153042029014
0.5568119653002507
0.5086979909387639
0.5051861794874941
0.5341599471745005
0.5724500560194865
0.6866642297769356
0.6703365562553543
0.5647613456303981
0.5386965032973651
0.5769190879013677
0.6057658049477485
0.5872020654669194
0.6041506608124426
0.5514401913488637
0.510093576007201
0.4947335285120277
0.5069102397521181
0.5615092800695385
0.6528094238559711
0.8137829387305382
0.6351957535339781
0.5993336867494542
0.6538146936609706
0.5289119597830738
0.5034641558829235
0.5183689072747252
0.5797847739654953
0.8057905259539133
0.7288587022135482
0.581747264774745
0.6869243141680318
0.5591526008551798
0.5018216928831781
0.5190237797876178
0.5874492654545468
0.85477523396273
0.7439651725033551
0.5947173491926785
0.7001556854135668
0.5458498381213439
0.5133356279006203
0.5922847841192991
0.6875927736699796
0.9732711555279827
0.6784936014173387
0.7145515653131358
0.6683711113645509
0.5562700496603374
0.6293867787079349
0.8042669723694764
0.602805250270681
0.5174093283227583
0.5930720348378262
0.5769484824611931
0.5855913668386106
0.5170376990098807
0.5156263781590482
0.5810308359854743