1.6395421453681132
0.9955191708246408
0.8416168921149565
0.7017897301138191
0.6067495486491555
0.5908365039937545
0.6027364915578564
0.6051547189543416
0.5939048884472284
0.5795122305959006
0.5699978067151197
0.5646694447989548
0.5591357960329154
0.5519094341105122
0.5449167392970254
0.5399672530057013
0.536782832503618
0.5341970876318715
0.5318157063689181
0.5299605764455071
0.5287454672885379
0.5278528392527968
0.5269862111700941
0.5261200638222783
0.5253297255611256
0.5246108547502968
0.5239101402501465
0.5232135158843244
0.5225444226169192
0.5219162758440351
0.5213208427997041
0.5207481620533206
0.5201971999387963
0.519669436191425
0.5191626581310657
0.5186728401642858
0.518197793181683
0.517737202089299
0.5172907686854993
0.5168575798078782
0.5164367331799383
0.5160277325400755
0.5156302412134314
0.5152438019300514
0.5148678754686576
0.5145019868885532
0.5141457459656565
0.5137987814067793
0.5134607132506842
0.5131311771616777
0.5128098433827474
0.5124964083906196
0.5121905814906669
0.5118920832571877
0.511600649710482
0.5113160324868681
0.5110379954251096
0.5107663124181855
0.510500767561181
0.5102411554314814
0.5099872803590454
0.5097389554059146
0.5094960017981117
0.509258248659551
0.509025532645054
0.5087976974361728
0.5085745932853551
0.50835607667463
0.5081420100138295
0.5079322613231637
0.5077267039194806
0.5075252161363956
0.5073276810750748
0.5071339863680565
0.5069440239509974
0.5067576898479315
0.5065748839726818
0.5063955099432
0.5062194749055736
0.5060466893674055
0.5058770670412027
0.5057105246972823
0.5055469820249974
0.5053863615014804
0.5052285882676053
0.505073590010862
0.5049212968546348
0.5047716412533629
0.5046245578932077
0.5044799835979328
0.504337857239688
0.5041981196543802
0.5040607135613366
0.5039255834870092
0.5037926756924819
0.5036619381045573
0.5035333202502035
0.5034067731941699
0.5032822494795897
0.5031597030713992
0.5030390893024191
0.5029203648219446
0.5028034875467067
0.5026884166140768
0.5025751123373893
0.5024635361632701
0.5023536506308629
0.5022454193328536
0.5021388068781989
0.5020337788564689
0.5019303018037238
0.5018283431698415
0.5017278712872284
0.501628855340839
0.5015312653394413
0.5014350720880668
0.5013402471615852
0.5012467628793515
0.5011545922808722
0.5010637091024416
0.5009740877547048
0.5008857033010989
0.500798531437138
0.5007125484704963
0.5006277313018569
0.5005440574064901
0.5004615048165275
0.500380052103902
0.5002996783639222
0.5002203631994558
0.5001420867056918
0.5000648294554595
0.4999885724850778
0.4999132972807136
0.49983898576522673
0.49976562028548094
0.4996931836001011
0.4996216588676596
0.4995510296352705
0.4994812798275794
0.49941239373612906
0.49934435600908667
0.4992771516413192
0.4992107659648015
0.4991451846393443
0.49908039364363005
0.4990163792665437
0.4989531280987872
0.498890627024767
0.49882886321474407
0.4987678241172347
0.498707497451656
0.4986478712012037
0.49858893360595413
0.49853067315618393
0.49847307858589696
0.49841613886655173
0.49835984320098325
0.4983041810175098
0.4982491419642198
0.4981947159034319
0.4981408929063216
0.49808766324770837
0.49803501740099926
0.4979829460332813
0.4979314400005577
0.4978804903431266
0.49783008828109043
0.4977802252099987
0.4977308926966149
0.49768208247480483
0.4976337864415429
0.497585996653031
0.4975387053209278
0.497491904808683
0.49744558762797514
0.49739974643524776
0.497354374028341
0.49730946334321763
0.4972650074507766
0.4972209995537556
0.4971774329837161
0.4971343011981102
0.49709159777742723
0.49704931642241545
0.49700745095137855
0.4969659952975434
0.4969249435064971
0.4968842897336922
0.4968440282420165
0.49680415339942563
0.49676465967663763
0.49672554164488797
0.49668679397373916
0.4966484114289501
0.4966103888703972
0.49657272125004864
0.4965354036099907
0.4964984310805025
0.4964617988781795