1.4668325480520723
1.050640547429626
0.8513895354083448
0.7439186938846668
0.6844065678741876
0.6510294281400382
0.6323048253015031
0.6206211324650834
0.6119299025221595
0.6047024378996761
0.5984446262615968
0.5929353198916845
0.5880344395951685
0.5836433578421254
0.5796825389492565
0.5760851535829756
0.5727991339827868
0.5697855572927986
0.5670136064274837
0.5644568637879065
0.5620920391082129
0.5598986993874919
0.557859000697408
0.5559573285965425
0.554179974316873
0.5525148723376667
0.550951376834008
0.5494800688526513
0.5480925942597158
0.5467815280333979
0.5455402583777369
0.5443628863505424
0.5432441387747169
0.5421792927587017
0.5411641101957197
0.5401947807901073
0.5392678724129122
0.5383802877837187
0.5375292266147684
0.5367121524735934
0.5359267637291691
0.5351709680391608
0.5344428599125696
0.5337407009468854
0.5330629023944442
0.5324080097603311
0.5317746891748234
0.531161715318123
0.5305679607049144
0.5299923861618706
0.5294340323532059
0.528892012228287
0.5283655042815901
0.5278537465293389
0.5273560311192784
0.5268716995005327
0.5264001380895686
0.5259407743761704
0.5254930734201644
0.5250565346955923
0.5246306892442029
0.5242150971046611
0.5238093449878158
0.5234130441718193
0.523025828593915
0.5226473531183589
0.5222772919622645
0.5219153372632057
0.5215611977742133
0.5212145976733763
0.5208752754766706
0.5205429830438546
0.5202174846683781
0.5198985562432018
0.519585984495289
0.5192795662822857
0.5189791079455762
0.5186844247145037
0.5183953401570706
0.5181116856729154
0.5178333000247753
0.5175600289050273
0.5172917245342322
0.5170282452889088
0.5167694553560318
0.516515224411989
0.5162654273239474
0.5160199438717741
0.5157786584888234
0.5155414600200696
0.5153082414961936
0.5150788999223617
0.5148533360805521
0.5146314543443806
0.5144131625054728
0.5141983716105136
0.5139869958081799
0.5137789522052263
0.513574160731066
0.5133725440102302
0.5131740272421522
0.5129785380877643
0.5127860065624323
0.5125963649348019
0.5124095476311509
0.5122254911448884
0.5120441339508554
0.5118654164241214
0.5116892807629844
0.5115156709159087
0.5113445325121571
0.5111758127958846
0.5110094605634862
0.5108454261039996
0.5106836611423826
0.5105241187854944
0.510366753470625
0.5102115209164236
0.5100583780760934
0.5099072830927204
0.5097581952566218
0.5096110749646012
0.5094658836810064
0.5093225839004941
0.5091811391124091
0.5090415137666964
0.5089036732412603
0.5087675838107034
0.5086332126163685
0.5085005276376223
0.5083694976643157
0.5082400922703645
0.5081122817883945
0.5079860372853997
0.5078613305393646
0.5077381340168051
0.5076164208511852
0.5074961648221654
0.5073773403356497
0.5072599224045888
0.507143886630509
0.5070292091857322
0.5069158667962571
0.5068038367252704
0.506693096757263
0.5065836251827216
0.5064754007833744
0.5063684028179629
0.5062626110085218
0.5061580055271404
0.5060545669831915
0.5059522764110015
0.505851115257949
0.5057510653729718
0.505652108995464
0.5055542287445531
0.5054574076087334
0.50536162893585
0.505266876423413
0.5051731341092331
0.5050803863623629
0.5049886178743344
0.5048978136506806
0.504807959002729
0.5047190395396577
0.5046310411608058
0.5045439500482238
0.5044577526594615
0.5043724357205781
0.5042879862193704
0.5042043913988111
0.5041216387506863
0.5040397160094282
0.5039586111461352
0.5038783123627708
0.5037988080865382
0.5037200869644212
0.5036421378578873
0.503564949837747
0.5034885121791642
0.5034128143568108
0.5033378460401629
0.5032635970889323
0.5031900575486288
0.5031172176462485
0.503045067786086
0.5029735985456635
0.5029028006717732
0.5028326650766334
0.5027631828341471
0.5026943451762681
0.5026261434894631
0.5025585693112737
0.5024916143269704
0.5024252703662963
0.5023595294003002
0.5022943835382538
0.5022298250246507
0.5021658462362852
0.5021024396794083
0.502039597986958
0.5019773139158628
0.5019155803444134
0.5018543902697051
0.5017937368051438
0.5017336131780162
0.501674012727123
0.5016149289004713
0.5015563552530253
0.5014982854445138
0.501440713237292
0.5013836324942572
0.501327037176816
0.5012709213429004
0.5012152791450349
0.5011601048284485
0.5011053927292338
0.5010511372725511
0.500997332970874
0.5009439744222792
0.5008910563087752
0.5008385733946722
0.5007865205249903
0.5007348926239037
0.500683684693224
0.5006328918109159
0.5005825091296501
0.5005325318753886
0.5004829553460015
0.5004337749099174
0.5003849860048035
0.500336584136276
0.5002885648766396
0.5002409238636559
0.5001936567993382
0.5001467594487752
0.5001002276389783
0.500054057257758
0.5000082442526206
0.49996278462969374
0.49991767445267177
0.49987290984178645
0.4998284869727988
0.4997844020760135
0.4997406514353136
0.4996972313872169
0.49965413831995215
0.4996113686725542
0.4995689189339797
0.49952678564224
0.49948496538355364
0.4994434547915153
0.4994022505462831
0.4993613493737821
0.49932074804492504
0.49928044337484806
0.4992404322221629
0.49920071148822465
0.4991612781164135
0.4991221290914315
0.4990832614386136
0.4990446722232535
0.49900635854994047
0.49896831756191246
0.4989305464404196
0.4988930424041023
0.4988558027083801
0.4988188246448536
0.49878210554071734
0.498745642758185
0.49870943369392545
0.4986734757785085
0.49863776647586433
0.49860230328274996
0.49856708372822833
0.4985321053731564
0.49849736580968285
0.4984628626607563
0.4984285935796415
0.49839455624944556
0.49836074838265315
0.49832716772066943
0.4982938120333729
0.4982606791186753
0.49822776680209074
0.49819507293631166
0.49816259540079383
0.4981303321013479
0.49809828096973907
0.498066439963294
0.49803480706451453
0.49800338028069835
0.4979721576435672
0.4979411372089014
0.49791031705618
0.49787969528822934
0.497849270030876
0.49781903943260664
0.49778900166423434
0.49775915491856987
0.49772949741009964
0.4977000273746685
0.4976707430691686
0.4976416427712335
0.4976127247789381
0.49758398741050236
0.49755542900400185
0.49752704791708213
0.49749884252667825
0.4974708112287398
0.4974429524379593
0.49741526458750596
0.4973877461287648
0.49736039553107814
0.4973332112814935
0.49730619188451425
0.4972793358618551
0.49725264175220185
0.49722610811097473
0.4971997335100958
0.49717351653775965
0.49714745579820974
0.4971215499115157
0.49709579751335636
0.49707019725480567
0.4970447478021223
0.49701944783654145
0.4969942960540722
0.49696929116529626
0.496944431895171
0.49691971698283516
0.4968951451814178
0.4968707152578505
0.49684642599268214
0.4968222761798972
0.49679826462673593
0.4967743901535191
0.4967506515934733
0.49672704779256116
0.4967035776093121
0.4966802399146579
0.4966570335917691
0.4966339575358947
0.49661101065420454
0.4965881918656335
0.49656550010072853
0.49654293430149765
0.49652049342126237
0.49649817642451066
0.49647598228675316
0.4964539099943821
0.4964319585445312
0.49641012694493797
0.496388414213809
0.4963668193796863
0.4963453414813157
0.49632397956751806
0.4963027326970612
0.4962815999385348
0.49626058037022663
0.4962396730800007
0.49621887716517704
0.49619819173241364
0.49617761589759013
0.4961571487856925
0.49613678953070034
0.4961165372754752
0.4960963911716506
0.49607635037952447
0.4960564140679514
0.49603658141423856
0.4960168516040414
0.49599722383126144
0.4959776972979462
0.49595827121419017
0.4959389447980357
0.4959197172753778
0.49590058787986885
0.4958815558528248
0.4958626204431326
0.4958437809071601
0.4958250365086648
0.4958063865187067
0.4957878302155603
0.49576936688462897
0.4957509958183596
0.4957327163161599
0.4957145276843147
0.4956964292359058
0.4956784202907306
0.4956605001752242
0.49564266822238023
0.49562492377167505
0.495607266168991
0.49558969476654186
0.495572208922799
0.49555480800241897
0.4955374913761709
0.49552025842086617
0.4955031085192886
0.49548604106012534
0.49546905543789876
0.4954521510528995
0.49543532731112044
0.4954185836241909
0.4954019194093127
0.49538533408919666
0.49536882709199914
0.49535239785126106
0.49533604580584617
0.495319770399881
0.49530357108269596
0.49528744730876567
0.4952713985376516
0.49525542423394486
0.49523952386721004
0.49522369691192886
0.49520794284744635
0.4951922611579152
0.4951766513322437
0.49516111286404213
0.49514564525157023
0.49513024799768685
0.4951149206097983
0.4950996625998087
0.4950844734840699
0.4950693527833333
0.495054300022701
0.4950393147315789
0.4950243964436286
0.4950095446967224
0.4949947590328961
0.49498003899830467
0.49496538414317703
0.49495079402177256
0.4949362681923369
0.4949218062170593
0.4949074076620298
0.494893072097198
0.49487879909633103
0.4948645882369729
0.4948504391004037
0.49483635127160075
0.4948223243391976
0.49480835789544714
0.4947944515361814
0.4947806048607745
0.4947668174721051
0.49475308897651915
0.49473941898379376
0.49472580710710035
0.49471225296296956
0.49469875617125636
0.49468531635510427
0.4946719331409114
0.4946586061582968
0.494645335040067
0.4946321194221819
0.49461895894372304
0.4946058532468606
0.49459280197682237
0.4945798047818607
0.4945668613132226
0.49455397122511824
0.4945411341746911
0.4945283498219868
0.49451561782992454
0.494502937864267
0.49449030959359186
0.4944777326892623
0.4944652068253994
0.494452731678854
0.49444030692917856
0.4944279322586003
0.4944156073519941
0.4944033318968555
0.4943911055832745
0.49437892810390943
0.49436679915396126
0.4943547184311481
0.4943426856356796
0.49433070047023275
0.49431876263992647
0.49430687185229794
0.49429502781727863
0.4942832302471697
0.49427147885661915
0.49425977336259863
0.4942481134843804
0.4942364989435142
0.4942249294638055
0.49421340477129283
0.49420192459422596
0.49419048866304466
0.4941790967103564
0.4941677484709164
0.49415644368160483
0.4941451820814083
0.49413396341139765
0.49412278741470866