1.4977736232959868
0.9090689010395026
0.7240491605524104
0.6472468613228289
0.6254193191138221
0.6339097512434987
0.6522980257085668
0.6682446471716141
0.6780399560369724
0.6827487348877116
0.6838797089017113
0.6809427983557504
0.6718339455150052
0.6550486593140469
0.6315713032883699
0.6049112331992467
0.5793004081653128
0.5575237933285255
0.5401771274827343
0.5269236552202354
0.5185091757128267
0.5171193500191728
0.5234486171186519
0.5332209052969401
0.539223986767397
0.5376817335384524
0.5301318676388049
0.5199010579171458
0.5097840073940502
0.5021071886713833
0.4981914737929577
0.4976998039687904
0.4992020350949533
0.5012525013719347
0.5029772520148379
0.5040201567921949
0.504240108566134
0.503547530099482
0.50196957343256
0.4997653376050884
0.4973876610369088
0.4952860019283841
0.49373444882057993
0.4928250470080468
0.49254783623929044
0.4927922437535895
0.4932851984056839
0.4936488807305436
0.4936129395921906
0.49316073372337205
0.4924571845999447
0.49169025748242906
0.4910032242937385
0.49050216549342807
0.49024414260906257
0.4902066346946918
0.4902980119336043
0.49041393245061354
0.49048547673518983
0.4904835288816254
0.4903983734096071
0.4902302074577017
0.48999743322222283
0.4897414742657959
0.4895123009046631
0.4893447243416921
0.48924724150970833
0.4892096917892418
0.4892152880785508
0.48924369744102286
0.48926996222517327
0.48927077671990693
0.48923612091467167
0.489173185852218
0.4890980348962562
0.48902487354991786
0.4889626712557992
0.4889172708634758
0.4888918434750968
0.4888845226546469
0.488887916090715
0.4888927884068505
0.4888925796869097
0.48888476416985666
0.4888692955949716
0.4888472385482754
0.48882098695265924
0.48879450002719393
0.48877196536462525
0.4887557433248763
0.4887456243519543
0.48873986043338763
0.4887365147505808
0.4887338860418875
0.48873036781448304
0.4887246959384385
0.4887165715005222
0.4887068187546116
0.48869675262018347
0.48868740348858114
0.48867928780325454
0.4886726233458377
0.4886674503319983
0.4886635010300432
0.48866014882151665
0.48865666917895323
0.4886526006015918
0.4886478653306971
0.4886426209472675
0.48863709163234886
0.48863153644190255
0.48862626041536533
0.48862153175459555
0.48861744698750476
0.4886138946624579
0.4886106581928266
0.48860754185665006
0.48860441076410516
0.4886011670124996
0.48859774704358416
0.4885941560824078
0.48859047940946676
0.4885868356995427
0.4885833139116942
0.4885799506576123
0.4885767486742454
0.4885736945857849
0.48857075574538894
0.48856787728971524
0.48856500082632937
0.48856209247846233
0.48855915266536615
0.4885562020007002
0.48855326323879344
0.48855035577292044
0.48854749780365647
0.4885447035043897
0.4885419750006938
0.48853929992272654
0.4885366592098878
0.4885340373035124
0.48853142558099544
0.48852881971081513
0.4885262178796652
0.48852362244761705
0.48852104088011206
0.4885184824929921
0.48851595346995336
0.4885134548624503
0.48851098436290086
0.4885085386215879
0.4885061137753842
0.4885037052779755
0.48850130893307697
0.48849892271562084
0.48849654737805864
0.48849418517875726
0.48849183819492137
0.48848950772644834
0.4884871945994509
0.4884848992505883
0.4884826212951816
0.48848035932959516
0.4884781114865434
0.48847587626783295
0.4884736528880119
0.48847144105252194
0.4884692407017073
0.4884670520310928
0.48846487554172274
0.4884627118144369
0.4884605611329674
0.4884584233245986
0.4884562979274191
0.48845418443690297
0.48845208239518106
0.48844999136570083
0.48844791096360973
0.48844584096133903
0.48844378133168453
0.4884417321539373
0.4884396934767542
0.48843766526404747
0.4884356474264305
0.48843363984807464
0.4884316423670094
0.4884296547587235
0.48842767677358656
0.4884257082022677
0.48842374890624557
0.48842179879696596
0.488419857803701
0.48841792586421634
0.4884160029272527
0.4884140889405635
0.48841218382680573
0.4884102874733878
0.48840839974767797
0.4884065205199565
0.4884046496729305