2.502109383479468
2.4813350781682133
2.454745341424639
2.42424489801745
2.3911798537627313
2.3564995890407836
2.320872895240562
2.2847706726657524
2.248524522151578
2.212368111656793
2.176466308047562
2.1409356541610416
2.105858741160181
2.071294283582781
2.0372841737816607
2.003858415434258
1.971038569066101
1.9388401543701401
1.9072743216413124
1.8763490115320196
1.8460697569493958
1.8164402350360658
1.7874626449999387
1.7591379649992436
1.7314661254734636
1.704446125220885
1.678076108742787
1.6523534179093669
1.6272746271569432
1.6028355687120237
1.5790313524141144
1.5558563833371581
1.533304379422847
1.511368390622073
1.4900408205133029
1.4693134509733836
1.4491774701793283
1.4296235039931364
1.4106416506081683
1.3922215182031497
1.3743522652504225
1.3570226430530334
1.3402210400365313
1.3239355272928448
1.3081539048627155
1.2928637482475271
1.2780524546587908
1.2637072885418559
1.2498154259474894
1.236363997368736
1.2233401287089565
1.2107309800982695
1.198523782328085
1.1867058707255502
1.175264716340154
1.1641879543625027
1.153463409739438
1.1430791199896881
1.1330233552596902
1.1232846356898902
1.1138517461876605
1.1047137487240881
1.0958599922884638
1.0872801206466536
1.0789640780579992
1.0709021131103862
1.063084780835049
1.0555029432619585
1.0481477685737077
1.0410107290110462
1.0340835976769807
1.0273584443790231
1.0208276306410091
1.014483804007208
1.0083198917524239
1.0023290941026726
0.9965048770619215
0.9908409649315021
0.98533133260019
0.9799701976747203
0.9747520125127141
0.9696714562126545
0.964723426608743
0.9599030323121372
0.9552055848342772
0.9506265908227063
0.9461617444349841
0.9418069198719412
0.937558164087638
0.9334116896899072
0.9293638680422703
0.925411222575303
0.9215504223131223
0.9177782756185895
0.9140917241590167
0.9104878370926015
0.9069638054744926
0.9035169368802598
0.9001446502436002
0.8968444709043281
0.8936140258620557
0.8904510392304676
0.8873533278866754
0.884318797309841
0.8813454376030379
0.8784313196921577
0.8755745916955959
0.8727734754584053
0.8700262632446185
0.8673313145814967
0.864687053249529
0.8620919644121268
0.8595445918790713
0.8570435354979313
0.8545874486678127
0.8521750359699781
0.8498050509100478
0.8474762937666729
0.845187609541755
0.8429378860074724
0.8407260518455609
0.8385510748744717
0.8364119603602195
0.8343077494069078
0.832237517423093
0.8302003726603168
0.8281954548203069
0.8262219337275024
0.824279008063714
0.8223659041618832
0.8204818748560454
0.8186261983847403
0.816798177345249
0.8149971376961609
0.8132224278058986
0.8114734175449435
0.8097494974196202
0.8080500777453989
0.806374587857782
0.8047224753589332
0.803093205398306
0.8014862599856092
0.799901137334535
0.7983373512357558
0.7967944304577661
0.795271918174225
0.7937693714165173
0.7922863605503159
0.7908224687749982
0.7893772916448136
0.7879504366107669
0.786541522582231
0.7851501795073472
0.7837760479713274
0.7824187788118113
0.781078032750475
0.7797534800401308
0.7784448001265913
0.7771516813246141
0.7758738205072697
0.774610922808113
0.7733627013355702
0.7721288768989778
0.7709091777457435
0.7697033393091196
0.7685111039661096
0.7673322208050498
0.7661664454024291
0.7650135396085329
0.7638732713415218
0.7627454143895614
0.7616297482206545
0.7605260577998326
0.759434133413385
0.7583537704998157
0.7572847694872379
0.7562269356369258
0.7551800788927586
0.754144013736302
0.7531185590472893
0.7521035379692689
0.7510987777802014
0.7501041097677964
0.7491193691093914
0.7481443947561796
0.7471790293216114
0.7462231189737898
0.7452765133317003
0.7443390653651162
0.7434106312980284
0.7424910705154578
0.7415802454735119
0.7406780216125566
0.7397842672733781
0.7388988536162134
0.7380216545425389
0.7371525466195055
0.7362914090069179
0.735438123386657
0.7345925738944514