1.4212002541936837
0.9607446471041283
0.6833365550499952
0.6013304648175566
0.6103127108217496
0.6405100957667028
0.6677144587310502
0.6885760808261973
0.7054730402884719
0.7188932852217531
0.7258341580194311
0.7225612169860057
0.708011784446033
0.6850658506095199
0.6590133053904395
0.6343144345407391
0.6118293117833671
0.5889428488204405
0.5633116470894522
0.537266834770871
0.5178530290718701
0.510915481495515
0.515016070789944
0.5228078374563696
0.5293828316465744
0.5344361373424404
0.534511689817874
0.5250856848063657
0.5108335658871773
0.5005150420045674
0.4964864728762033
0.49600220831628516
0.4968546157674279
0.4987459428826268
0.5015679981732207
0.5042880592402227
0.5055997577062846
0.5050555036228351
0.5032639287807599
0.5011105077999273
0.49898269430301734
0.49678544240607014
0.49456573824622985
0.4928780580658875
0.4923435607030801
0.4928999380163039
0.49378036438729267
0.494342431324182
0.49457011965058434
0.49460159721593183
0.49426469317450905
0.49340962833630664
0.4923301223611138
0.4915181139555078
0.49116165255129773
0.49109076569421206
0.4911109044423708
0.49119903100379325
0.4913866869024952
0.4916002651715733
0.49169254624705194
0.49159212064240787
0.4913649861860775
0.4911258531632047
0.49092532660968247
0.4907460735496167
0.49058406996636955
0.49048530529319273
0.49048827066754835
0.49056286889915013
0.49063536346726216
0.4906617816265263
0.49065157873323273
0.4906252258549472
0.4905793563713975
0.49050493834440567
0.49041796601962095
0.49035116341382634
0.4903205730196167
0.49031460991240294
0.49031488268789686
0.49031582403109014
0.4903203744350552
0.49032538989141117
0.49032018648243375
0.49029867216913947
0.49026669898953856
0.49023521125308783
0.4902095680974389
0.49018832311717614
0.4901700815231562
0.49015712562662445
0.4901513990925723
0.49014999367536877
0.4901471171320501
0.49013965817701965
0.49012889984351066
0.4901171358921713
0.4901046993495491
0.490091006918562
0.4900769651651726
0.4900647931422892
0.49005568003827954
0.4900486791901211
0.4900421016858234
0.4900352424496249
0.4900283246990651
0.4900213135685886
0.4900135512482627
0.49000460726590983
0.4899949636859714
0.4899855639046544
0.4899769026229006
0.4899688209541729
0.4899610594513264
0.4899536612681686
0.4899467389215782
0.48994009430165025
0.4899333008017927
0.4899261177188495
0.48991866358515024
0.4899111741236707
0.48990373048005764
0.48989629255920936
0.4898888963070499
0.48988168758347406
0.4898747583320217
0.4898680356963917
0.48986136975690786
0.4898546830245248
0.48984799249406064
0.48984131743787696
0.4898346276707869
0.4898278949021136
0.48982115344834065
0.4898144772665277
0.4898079080361595
0.489801429876172
0.4897950107496469
0.489788643059055
0.48978233353716394
0.4897760713148279
0.48976982664745694
0.4897635806169606
0.4897573425750152
0.48975113423061994
0.48974496580257054
0.48973883437493576
0.48973273928869304
0.4897266885048415
0.48972068807449576
0.489714732106116
0.48970880769110925
0.4897029071700001
0.4896970317886563
0.48969118475416984
0.4896853654001126
0.48967957173408216
0.4896738056130049
0.4896680721964484
0.4896623746139555
0.48965671127373084
0.48965107871845825
0.48964547536913705
0.48963990143350805
0.48963435632687374
0.48962883794329204
0.48962334467649615
0.489617877066894
0.4896124368555173
0.48960702496372144
0.48960164100804704
0.48959628445754394
0.48959095543186126
0.48958565411446053
0.489580379896178
0.48957513157743493
0.4895699083151086
0.48956471004140073
0.4895595369670225
0.48955438900603876
0.4895492658528723
0.48954416740928713
0.4895390938495989
0.4895340452461419
0.4895290213053218
0.4895240215443519
0.48951904561574455
0.4895140933599383
0.48950916460875654
0.4895042590799214
0.489499376501519
0.48949451675612327
0.4894896798339193
0.48948486567017946
0.4894800740816368
0.4894753048504756
0.489470557809158
0.4894658328159901
0.48946112968453787
0.4894564481823232
0.48945178809920054
0.48944714928920224
0.4894425316379466
0.48943793501087884
0.489433359249336
0.48942880420396623
0.48942426974807035
0.48941975575299435
0.48941526206409297
0.4894107885101841
0.489406334930448
0.48940190118332766
0.48939748713226994
0.4893930926337215
0.48938871754343044
0.48938436172832295
0.48938002506530665
0.4893757074289907
0.48937140868500756
0.4893671286957591
0.48936286732847145
0.4893586244550022
0.4893543999462001
0.4893501936703705
0.48934600549790835
0.4893418353051916
0.4893376829727062
0.48933354838065163
0.4893294314078056
0.48932533193396915
0.48932124984160713
0.48931718501440513
0.48931313733522175
0.48930910668644106
0.48930509295208274
0.4893010960188231
0.48929711577499596
0.48929315210937024
0.4892892049113301
0.48928527407181
0.4892813594834156
0.4892774610395493
0.489273578633768
0.48926971216012555
0.4892658615138684
0.489262026591545
0.48925820729056946
0.4892544035089855
0.4892506151457472
0.4892468421010511
0.4892430842762428
0.4892393415734508
0.48923561389542625
0.48923190114570353
0.48922820322876565
0.4892245200499723
0.48922085151538725
0.48921719753176607
0.4892135580067024
0.48920993284872216
0.4892063219672104
0.4892027252722912
0.4891991426748104
0.48919557408639924
0.48919201941949597
0.4891884785872796
0.48918495150360647
0.48918143808301895
0.48917793824079614
0.48917445189296654
0.4891709789562704
0.4891675193481261
0.48916407298663894
0.48916063979062174
0.4891572196795858
0.48915381257370644
0.48915041839379997
0.48914703706132734
0.48914366849840457
0.48914031262779484
0.48913696937288953
0.4891336386576982
0.4891303204068527
0.4891270145456098
0.48912372099984164
0.48912043969601915
0.4891171705612043
0.4891139135230478
0.48911066850978835
0.48910743545024166
0.4891042142737905
0.48910100491037967
0.4890978072905137
0.4890946213452547
0.4890914470062139
0.4890882842055441
0.48908513287593436
0.489081992950607
0.4890788643633122
0.489075747048321
0.48907264094041825
0.48906954597489866
0.48906646208756255
0.4890633892147113
0.4890603272931417
0.4890572762601401
0.48905423605347853
0.4890512066114107
0.4890481878726666
0.4890451797764476
0.48904218226242174
0.4890391952707184
0.48903621874192504
0.48903325261708275
0.48903029683768023
0.48902735134565095
0.48902441608336833
0.48902149099364134
0.48901857601971127
0.4890156711052463
0.489012776194338
0.4890098912314972
0.48900701616165027
0.48900415093013444
0.48900129548269444
0.48899844976547835
0.48899561372503353
0.4889927873083037
0.48898997046262443
0.4889871631357197
0.4889843652756984
0.48898157683105
0.4889787977506423
0.48897602798371675
0.48897326747988534
0.48897051618912707
0.48896777406178477
0.4889650410485615
0.4889623171005173
0.4889596021690657
0.48895689620597105
0.4889541991633444
0.48895151099364137
0.48894883164965774
0.48894616108452793
0.4889434992517201
0.4889408461050348
0.48893820159860074
0.4889355656868723
0.488932938324627
0.48893031946696147
0.48892770906928984
0.48892510708734
0.48892251347715093
0.48891992819507063
0.4889173511977522
0.48891478244215214
0.4889122218855271
0.4889096694854313
0.48890712519971397
0.4889045889865169
0.48890206080427145
0.4888995406116963
0.48889702836779514
0.4888945240318534
0.4888920275634365
0.4888895389223877
0.48888705806882427
0.48888458496313647
0.48888211956598476
0.48887966183829745
0.4888772117412681
0.48887476923635365
0.48887233428527194
0.4888699068499996
0.48886748689276965
0.4888650743760693
0.4888626692626381
0.4888602715154656
0.4888578810977889
0.4888554979730909
0.4888531221050985
0.4888507534577798
0.48884839199534263
0.4888460376822323
0.48884369048312964
0.4888413503629493
0.48883901728683704
0.4888366912201687
0.4888343721285477
0.4888320599778033
0.488829754733989
0.48882745636337976
0.4888251648324716
0.48882288010797864
0.48882060215683154
0.48881833094617605
0.48881606644337067
0.48881380861598583
0.488811557431801
0.48880931285880397
0.48880707486518843
0.48880484341935293
0.4888026184898987
0.488800400045628
0.4887981880555432
0.48879598248884415
0.4887937833149273
0.48879159050338383
0.48878940402399834
0.4887872238467469
0.4887850499417958
0.4887828822794999
0.4887807208304013
0.4887785655652276
0.4887764164548907
0.4887742734704853
0.4887721365832868
0.488770005764751
0.48876788098651175
0.48876576222038004
0.48876364943834244
0.48876154261255966
0.48875944171536534
0.4887573467192645
0.48875525759693234
0.4887531743212131
0.4887510968651183
0.48874902520182567
0.4887469593046779
0.48874489914718133
0.4887428447030049
0.48874079594597825
0.4887387528500912
0.48873671538949215
0.4887346835384869
0.48873265727153764
0.48873063656326127
0.4887286213884288
0.48872661172196386
0.48872460753894165
0.48872260881458746
0.48872061552427626
0.48871862764353063
0.48871664514802055
0.48871466801356145
0.4887126962161139
0.4887107297317818
0.488708768536812
0.4887068126075926
0.4887048619206523
0.4887029164526591
0.4887009761804196
0.48869904108087736
0.4886971111311127
0.48869518630834097
0.4886932665899121
0.48869135195330876
0.48868944237614664
0.48868753783617236
0.4886856383112632
0.48868374377942553
0.48868185421879456
0.48867996960763277
0.4886780899243294
0.48867621514739923
0.4886743452554819
0.488672480227341
0.4886706200418628
0.48866876467805603
0.4886669141150502
0.48866506833209533
0.4886632273085609
0.48866139102393474
0.4886595594578228
0.48865773258994744
0.4886559104001475
0.4886540928683766
0.48865227997470295
0.4886504716993084
0.48864866802248746
0.4886468689246466
0.48864507438630334
0.4886432843880858
0.48864149891073144
0.48863971793508654
0.4886379414421057
0.4886361694128505
0.4886344018284893
0.4886326386702957
0.4886308799196491
0.4886291255580327
0.4886273755670331
0.4886256299283404
0.4886238886237461
0.48862215163514355
0.4886204189445267
0.48861869053398943
0.488616966385725